<?xml version="1.0" standalone="no"?>
<!DOCTYPE svg PUBLIC "-//W3C//DTD SVG 20010904//EN"
 "http://www.w3.org/TR/2001/REC-SVG-20010904/DTD/svg10.dtd">
<svg version="1.0" xmlns="http://www.w3.org/2000/svg"
 width="737.000000pt" height="935.000000pt" viewBox="0 0 737.000000 935.000000"
 preserveAspectRatio="xMidYMid meet">
<metadata>
Created by potrace 1.16, written by Peter Selinger 2001-2019
</metadata>
<g transform="translate(0.000000,935.000000) scale(0.100000,-0.100000)"
fill="#000000" stroke="none">
<path d="M1796 9169 c-49 -13 -117 -64 -141 -106 -14 -22 -31 -66 -39 -96 -8
-31 -19 -64 -24 -74 -10 -18 -34 -145 -30 -160 1 -4 -1 -28 -5 -53 -14 -94
-22 -416 -13 -475 3 -22 8 -85 10 -140 3 -55 12 -127 22 -160 9 -33 18 -74 19
-90 1 -17 7 -40 13 -52 7 -12 12 -35 12 -52 0 -16 6 -32 13 -34 10 -4 10 -6 0
-6 -7 -1 -13 -8 -13 -16 0 -8 -4 -15 -10 -15 -16 0 -50 -88 -55 -143 -7 -89
-17 -201 -20 -232 -2 -16 3 -43 9 -60 7 -16 11 -37 8 -45 -4 -11 -2 -11 11 2
19 18 23 33 7 23 -16 -10 -12 11 5 25 8 7 15 23 15 37 0 21 2 23 23 12 18 -9
20 -9 10 2 -15 16 -17 33 -3 24 8 -5 14 13 12 36 -1 3 10 12 23 19 14 7 25 17
25 22 0 5 13 14 30 19 16 6 28 14 25 19 -3 4 5 10 16 13 12 3 18 10 14 16 -3
6 -1 11 4 11 6 0 11 6 11 14 0 15 37 29 45 17 2 -5 -2 -17 -9 -27 -11 -14 -11
-22 -3 -32 8 -10 7 -12 -4 -10 -8 2 -17 8 -21 13 -5 6 -8 6 -8 -2 0 -6 5 -15
10 -18 7 -4 6 -13 -1 -27 -10 -18 -9 -20 5 -15 11 4 15 3 11 -4 -4 -6 -13 -8
-20 -5 -7 2 -22 -2 -34 -11 -12 -8 -28 -16 -34 -17 -31 -5 -56 -27 -52 -46 2
-11 0 -18 -6 -15 -5 4 -9 -1 -9 -9 0 -9 -9 -30 -19 -48 -11 -17 -18 -35 -15
-39 4 -7 -29 -22 -51 -24 -5 0 -10 -13 -11 -30 -1 -16 -6 -43 -13 -60 -6 -16
-11 -34 -11 -38 1 -4 -6 -14 -14 -22 -11 -11 -14 -38 -14 -97 1 -94 -4 -116
-41 -173 -14 -22 -26 -52 -27 -66 -3 -45 -34 -96 -101 -164 -36 -36 -63 -69
-60 -72 8 -8 -47 -93 -87 -135 -20 -21 -34 -38 -32 -38 2 0 -11 -17 -30 -37
-19 -20 -37 -53 -41 -72 -9 -48 21 -188 45 -215 29 -31 43 -63 36 -80 -5 -13
-62 -48 -84 -52 -26 -5 -59 -27 -65 -43 -3 -11 -22 -29 -42 -41 -33 -19 -35
-23 -30 -58 4 -20 9 -63 13 -94 4 -32 10 -58 14 -58 4 0 11 -11 14 -25 4 -14
11 -25 16 -25 5 0 3 -21 -5 -47 -8 -27 -15 -58 -15 -71 0 -13 -9 -35 -20 -50
-30 -42 -32 -92 -5 -126 22 -27 22 -31 9 -88 -12 -52 -12 -70 2 -146 17 -92
47 -189 73 -235 19 -33 20 -33 211 19 69 19 150 41 180 49 208 57 590 138 648
138 17 -1 32 4 32 9 0 6 6 6 14 -1 10 -8 16 -9 21 -1 3 6 10 8 15 5 10 -6 71
19 72 30 0 5 -8 12 -17 18 -14 7 -9 12 25 29 23 12 37 24 31 28 -16 9 -304 9
-396 -1 -44 -5 -100 -14 -125 -20 -25 -6 -54 -13 -65 -15 -11 -2 -33 -7 -50
-10 -65 -14 -14 7 76 30 135 36 200 44 414 52 139 5 194 10 206 20 20 18 30
18 23 0 -7 -19 41 -27 63 -10 24 16 18 20 -45 28 -37 5 -51 3 -50 -5 2 -6 -3
-14 -10 -16 -7 -3 -10 1 -6 10 14 38 -252 75 -275 38 -5 -7 -14 -10 -20 -7 -6
4 -9 11 -7 15 3 4 -5 8 -17 8 -16 2 -18 0 -8 -6 7 -5 11 -14 7 -19 -9 -14 -39
-3 -33 12 5 13 -21 16 -156 18 -120 2 -99 13 43 22 95 6 179 2 452 -22 71 -6
89 -5 93 7 7 17 8 16 -30 29 l-30 10 40 2 c57 3 99 -1 105 -9 3 -4 13 -10 23
-14 21 -8 97 29 97 48 0 6 15 16 33 21 22 7 33 17 35 32 2 12 18 32 35 44 l32
23 -23 -29 c-32 -41 -16 -48 19 -8 56 63 1 73 -62 12 -38 -36 -69 -51 -69 -32
1 13 27 42 39 42 6 0 16 11 21 25 5 14 17 28 25 31 26 10 16 33 -19 42 -18 6
-52 6 -75 2 -22 -4 -41 -4 -41 1 0 5 -21 6 -47 2 -35 -5 -44 -3 -38 6 4 7 18
11 30 8 17 -3 25 1 29 17 3 11 3 22 1 25 -3 2 -5 -1 -5 -7 0 -7 -5 -12 -11
-12 -6 0 -8 7 -5 16 5 13 3 14 -6 7 -20 -15 -68 -25 -68 -14 0 6 -7 8 -17 4
-13 -5 -15 -2 -10 18 5 20 4 21 -6 9 -16 -19 -36 -23 -52 -10 -7 6 -20 8 -29
4 -9 -3 -27 1 -40 9 -19 13 -27 14 -48 3 -19 -10 -28 -11 -41 -1 -23 17 -21
20 11 23 42 4 56 7 71 17 8 4 42 8 75 7 42 -1 67 3 85 15 17 12 48 18 91 19
36 1 81 6 101 12 21 5 43 6 50 1 8 -5 20 -2 29 6 25 22 86 24 75 3 -4 -7 1 -4
9 6 14 17 16 18 16 3 0 -9 5 -17 11 -17 8 0 9 -4 0 -13 -6 -8 -8 -17 -4 -20 3
-4 2 -7 -4 -7 -5 0 -15 -11 -21 -25 -16 -35 -15 -37 8 -18 10 9 26 18 35 19 9
1 25 10 36 19 25 24 54 13 39 -15 -6 -11 -15 -18 -20 -15 -10 6 -46 -14 -49
-27 -7 -29 -38 -67 -52 -63 -19 6 -49 -4 -49 -16 0 -5 7 -9 16 -9 9 0 14 -6
11 -12 -2 -7 -13 -13 -25 -13 -12 0 -30 -9 -39 -19 -17 -18 -17 -18 11 -12 78
19 86 19 86 2 0 -9 7 -16 15 -16 18 0 20 -26 3 -36 -8 -5 -9 -1 -4 12 4 12 -3
8 -19 -11 -25 -29 -26 -29 -19 -5 6 25 6 25 -13 5 -16 -17 -17 -22 -6 -33 7
-8 11 -18 8 -23 -10 -15 -23 -10 -28 9 -3 11 -7 7 -12 -15 -4 -18 -12 -33 -17
-33 -5 0 -7 4 -4 9 4 5 -3 7 -14 4 -11 -3 -20 -9 -20 -13 0 -4 -16 -15 -36
-25 -26 -12 -35 -22 -31 -35 3 -14 -2 -19 -24 -22 -21 -3 -29 0 -29 10 0 8 -6
12 -14 9 -7 -3 -18 -1 -23 4 -19 19 -94 11 -101 -11 -3 -7 0 -10 5 -7 5 3 22
-1 38 -9 22 -11 35 -12 59 -4 24 8 28 8 19 -1 -10 -10 -8 -15 5 -25 15 -12 13
-13 -18 -14 -41 0 -65 -13 -55 -29 8 -14 127 -6 156 10 10 5 29 7 43 3 16 -4
36 2 60 18 36 23 46 38 25 38 -5 0 -8 4 -4 10 3 5 12 7 19 4 8 -3 17 -1 21 5
3 6 -1 11 -11 11 -14 0 -12 6 12 31 l29 31 -33 -17 c-19 -9 -36 -15 -38 -13
-9 10 30 49 61 62 18 8 33 20 32 28 -1 36 4 58 14 58 6 0 8 -7 5 -16 -3 -8 -2
-12 3 -9 5 3 12 1 16 -4 3 -6 12 -8 20 -4 11 4 13 1 9 -11 -3 -9 -1 -16 5 -16
12 0 -1 -29 -27 -62 -12 -14 -11 -18 6 -27 14 -7 24 -6 40 5 12 8 26 13 31 9
5 -3 12 -1 16 5 7 12 25 4 25 -11 0 -5 -8 -9 -17 -10 -15 0 -15 -2 2 -9 13 -5
28 -3 44 7 23 15 24 14 16 -3 -15 -38 -11 -49 16 -46 20 2 27 -2 25 -15 0 -10
6 -18 14 -18 18 0 40 -17 33 -27 -2 -5 1 -8 7 -8 6 0 8 -4 5 -10 -3 -5 3 -10
14 -10 12 0 21 -7 21 -16 0 -8 4 -13 9 -10 12 8 39 -26 36 -47 -2 -10 1 -14 7
-11 6 4 9 1 6 -7 -2 -7 3 -22 13 -32 16 -18 15 -57 -2 -57 -5 0 -9 -8 -9 -17
0 -16 2 -16 11 -3 8 12 9 10 5 -10 -3 -14 -6 -28 -6 -32 0 -5 -6 -8 -13 -8 -8
0 -19 -18 -25 -39 -10 -33 -17 -40 -46 -45 -29 -6 -35 -12 -40 -41 -6 -32 -9
-33 -40 -28 -21 3 -36 1 -41 -7 -6 -9 -4 -11 5 -5 10 6 11 4 4 -6 -5 -8 -10
-27 -11 -44 -5 -63 -16 -87 -38 -78 -11 3 -19 -5 -26 -27 -8 -23 -14 -28 -20
-19 -6 11 -15 7 -37 -14 -15 -15 -32 -27 -37 -27 -5 0 -17 -8 -27 -17 -15 -14
-19 -14 -16 -3 2 11 -5 14 -27 12 -55 -4 -70 -7 -82 -15 -7 -5 -9 -1 -6 13 8
29 -9 25 -37 -10 -32 -38 -41 -38 -27 2 9 24 9 32 0 35 -7 3 -13 11 -13 19 0
18 -44 12 -65 -10 -20 -19 -19 -34 3 -54 10 -10 11 -12 3 -7 -11 8 -11 3 3
-22 19 -37 30 -41 46 -15 7 13 9 4 4 -35 -5 -44 -4 -53 9 -53 9 0 18 8 21 18
2 9 3 1 1 -18 -4 -47 -5 -48 -15 -25 -6 14 -9 16 -9 4 -1 -18 50 -73 91 -96
25 -16 41 -41 43 -68 0 -5 10 -9 23 -9 17 1 20 -1 11 -12 -6 -7 -8 -18 -4 -23
3 -6 7 -30 10 -53 2 -24 10 -56 19 -73 9 -16 16 -35 16 -41 0 -24 62 -105 97
-127 30 -19 92 -41 143 -53 3 0 12 -3 20 -7 45 -18 98 -25 133 -17 47 10 46
10 36 35 l-8 20 0 -20 c-1 -15 -3 -17 -10 -7 -4 8 -12 14 -17 14 -25 2 -43 11
-39 18 3 5 1 11 -5 15 -14 9 -12 36 4 49 10 8 11 17 5 31 -9 19 -9 18 -5 -2 4
-22 -7 -32 -17 -15 -2 4 -2 1 -1 -5 2 -7 -5 -17 -16 -23 -17 -9 -18 -7 -9 28
6 20 13 44 16 52 3 8 5 18 5 23 -1 4 2 7 8 7 5 0 7 14 4 33 -4 21 -3 28 4 19
7 -11 10 -9 15 7 3 12 1 19 -4 15 -11 -6 -11 -6 0 34 6 21 6 32 0 32 -6 0 -7
5 -4 10 4 6 3 10 -2 9 -29 -5 -32 4 -7 23 16 12 32 27 36 32 16 23 72 -65 66
-103 -4 -22 43 -21 62 2 12 15 20 16 40 9 22 -8 26 -7 26 9 0 11 -6 18 -15 16
-9 -1 -17 7 -19 17 -4 18 -2 18 30 -2 19 -12 39 -18 43 -14 5 4 5 2 2 -4 -4
-7 0 -17 8 -24 8 -7 15 -9 15 -5 0 4 7 2 15 -5 12 -10 15 -10 15 2 0 8 7 15
15 15 8 0 15 -4 15 -8 0 -4 18 4 39 18 36 23 39 28 30 52 -8 22 -7 23 4 10 19
-25 54 -7 62 31 4 17 4 34 1 37 -3 4 -6 1 -6 -6 0 -7 -4 -9 -10 -6 -5 3 -10
18 -10 32 0 21 -2 24 -15 13 -12 -10 -15 -9 -15 6 0 13 -3 15 -11 7 -8 -8 -20
-3 -45 19 -18 17 -31 35 -28 40 7 12 -19 6 -29 -7 -5 -5 -5 0 -2 13 4 15 3 22
-6 20 -7 -2 -13 8 -13 22 -1 14 -5 32 -11 40 -5 8 -11 26 -13 39 -2 13 -9 38
-17 55 -10 24 -14 27 -15 11 l-1 -20 -9 20 c-5 11 -9 29 -9 40 l0 20 10 -20
c6 -14 7 -3 3 35 -3 30 -5 67 -5 82 0 15 -4 30 -9 33 -6 4 -10 12 -10 18 0 8
3 9 8 1 9 -14 52 -25 52 -13 0 5 -11 16 -24 25 -15 9 -23 21 -19 30 5 13 8 12
24 -2 23 -21 25 -7 3 25 -11 16 -23 21 -38 17 -26 -6 -40 3 -44 28 -3 16 -1
18 11 8 20 -17 30 -2 11 19 -9 10 -13 23 -9 30 6 8 10 7 17 -5 9 -17 38 -22
38 -7 0 5 -9 15 -21 22 l-21 14 25 27 c14 15 28 24 31 21 3 -4 6 3 6 14 0 11
9 28 20 38 18 16 20 17 20 1 0 -12 10 -6 36 20 27 29 32 39 22 46 -10 8 -10 9
2 5 8 -2 20 3 27 12 11 15 12 15 13 0 0 -9 7 -20 16 -23 23 -9 26 -8 18 6 -5
7 -2 9 8 6 9 -4 26 4 41 18 14 13 31 24 36 24 5 0 13 9 16 20 4 11 11 18 16
15 5 -4 9 0 9 8 0 8 8 14 18 13 18 -1 19 4 7 42 -5 19 -3 22 19 22 20 0 27 -7
36 -37 7 -21 16 -42 20 -47 5 -5 6 -14 4 -20 -3 -7 7 -23 22 -36 l26 -25 -7
23 c-3 12 -3 22 2 21 19 -3 27 2 14 10 -7 5 -10 14 -6 20 9 16 35 -5 35 -29 0
-20 23 -43 33 -33 11 10 8 43 -3 43 -5 0 -10 9 -10 19 0 11 5 23 10 26 6 3 10
1 10 -6 0 -21 16 3 28 41 11 32 10 33 -3 16 -8 -11 -15 -25 -15 -30 0 -6 -5
-4 -10 4 -6 8 -9 43 -8 77 2 49 5 60 15 51 9 -7 13 -7 13 1 0 7 5 9 12 5 7 -5
8 -3 4 5 -5 7 0 20 10 30 18 18 21 17 74 -10 30 -16 73 -42 95 -59 22 -16 50
-34 62 -39 12 -6 25 -22 29 -36 7 -28 44 -36 44 -9 0 9 6 14 13 11 13 -5 13
-9 2 -45 -6 -20 1 -31 37 -65 25 -23 47 -49 50 -57 7 -21 -19 -44 -40 -34 -36
15 -47 12 -23 -7 29 -24 11 -25 -32 -2 -25 13 -28 18 -15 21 14 3 16 7 8 23
-15 28 -27 23 -27 -11 0 -16 4 -30 8 -30 5 0 6 -7 2 -16 -4 -12 -15 -7 -50 28
-39 38 -45 41 -54 26 -5 -10 -16 -15 -24 -11 -24 8 -8 -19 26 -45 l29 -24 0
26 c0 30 16 35 25 9 7 -22 73 -55 81 -41 12 18 50 2 73 -32 14 -19 26 -29 29
-22 6 20 21 14 53 -23 29 -33 59 -46 59 -26 0 16 33 22 60 9 15 -6 36 -24 46
-39 10 -15 26 -30 36 -32 24 -7 23 -19 -4 -36 -13 -7 -20 -11 -17 -7 9 9 -40
62 -53 58 -5 -1 -7 2 -4 7 8 13 -20 33 -41 29 -10 -2 -17 -10 -16 -16 4 -17
-5 -15 -44 9 -32 20 -71 20 -58 0 9 -16 -15 -23 -32 -9 -9 7 -34 14 -56 14
-21 1 -46 9 -55 18 -15 15 -15 16 1 16 15 0 15 3 5 22 -7 12 -22 30 -33 39
-18 16 -21 16 -29 2 -6 -11 -3 -26 8 -44 10 -17 13 -29 7 -29 -6 0 -11 5 -11
10 0 6 -9 10 -20 10 -15 0 -20 -7 -20 -25 0 -14 -1 -28 -2 -32 -5 -26 151 -81
196 -69 11 3 25 -2 34 -12 13 -16 13 -15 7 3 -6 18 -4 18 18 -3 13 -12 31 -22
40 -22 10 0 28 -6 40 -14 35 -22 121 -40 125 -26 3 7 10 3 19 -9 8 -12 20 -21
28 -21 28 0 25 21 -6 50 -18 16 -30 33 -26 36 4 4 7 2 7 -6 0 -10 3 -10 15 0
11 9 19 7 41 -15 15 -15 24 -20 21 -12 -7 19 14 29 34 16 25 -16 47 -10 51 13
2 16 17 28 56 43 30 12 57 26 60 32 10 13 74 44 66 31 -4 -7 -2 -8 4 -4 16 10
15 22 -4 41 -16 15 -16 16 2 13 12 -2 19 3 19 12 0 8 -10 16 -22 18 -13 2 -23
10 -23 18 0 8 4 13 10 9 5 -3 16 8 25 25 8 16 20 30 26 30 6 0 8 4 5 8 -3 5 6
15 19 22 13 7 26 19 29 27 3 8 2 11 -3 8 -5 -3 -12 -1 -16 5 -4 6 6 10 24 10
36 0 38 4 11 32 -15 17 -22 19 -34 9 -17 -14 -153 -9 -184 8 -31 17 -33 1 -6
-44 22 -37 31 -34 26 6 -1 4 21 -2 48 -14 52 -22 61 -42 20 -42 -24 0 -38 -19
-22 -29 5 -3 7 -18 4 -35 -3 -21 -8 -28 -19 -24 -12 5 -12 7 -1 14 11 7 11 9
-1 9 -9 0 -11 7 -8 21 3 13 0 22 -10 26 -8 3 -25 16 -38 29 -19 19 -29 22 -52
15 -15 -4 -45 -8 -66 -7 -29 1 -37 -3 -37 -17 0 -16 -2 -16 -30 -2 -27 14 -30
14 -30 0 0 -33 -126 -31 -163 3 -20 19 -26 20 -30 9 -3 -9 -3 -25 0 -36 4 -15
1 -21 -11 -21 -10 0 -19 11 -22 29 -5 21 -15 33 -38 42 -42 17 -66 38 -66 61
0 21 11 23 27 7 9 -9 14 -5 19 15 6 25 7 25 20 9 13 -17 14 -17 8 0 -7 19 20
25 31 6 9 -14 56 -8 77 9 9 8 25 11 36 8 30 -10 142 46 190 94 36 37 67 86 72
118 1 4 5 12 9 17 17 22 33 108 29 150 -3 25 -2 45 1 45 4 0 21 -20 39 -45 28
-40 46 -51 75 -46 5 1 6 -3 2 -9 -3 -5 -1 -10 5 -10 6 0 8 -4 5 -10 -3 -5 0
-10 9 -10 8 0 16 -5 18 -11 2 -6 19 -13 38 -15 19 -2 36 -8 38 -13 1 -4 14 -6
28 -3 16 3 31 -2 43 -14 19 -21 21 -26 21 -55 0 -12 4 -17 11 -14 6 4 9 1 8
-6 -1 -8 0 -21 4 -29 3 -8 9 -28 13 -45 4 -16 8 -32 9 -35 8 -30 20 -55 35
-70 12 -12 16 -26 13 -41 -4 -13 -2 -20 3 -16 6 3 16 2 24 -3 11 -7 12 -14 2
-34 -10 -23 -9 -28 13 -42 30 -20 34 -63 7 -71 -24 -6 -56 -59 -48 -80 4 -9 9
-13 13 -9 3 3 14 -1 24 -10 9 -8 23 -17 31 -18 7 -1 24 -8 37 -15 13 -7 21 -8
17 -3 -4 6 2 8 14 5 18 -5 37 -38 32 -57 -2 -5 4 -6 13 -2 9 3 14 2 11 -3 -3
-5 1 -12 10 -15 9 -4 14 -9 11 -13 -4 -3 -2 -12 4 -19 13 -15 2 -37 -14 -31
-7 2 -22 1 -34 -4 -15 -5 -23 -4 -27 6 -3 9 0 12 10 8 10 -4 12 0 8 11 -6 15
-18 20 -37 17 -5 -1 -6 3 -2 9 3 5 15 10 26 10 19 0 19 1 -3 24 -13 13 -31 22
-40 20 -9 -1 -19 3 -21 10 -3 8 -23 17 -44 21 -21 4 -45 12 -53 18 -13 11 -13
10 0 -8 8 -11 20 -24 25 -28 6 -5 3 -7 -7 -3 -10 3 -18 2 -18 -3 0 -4 -10 -12
-21 -17 -21 -10 -21 -11 -4 -27 10 -10 14 -21 11 -25 -11 -10 -80 -1 -89 11
-5 8 -7 7 -6 -3 3 -29 -1 -41 -11 -35 -5 3 -10 -1 -10 -11 0 -14 -2 -15 -17
-3 -15 12 -16 12 -10 -3 5 -13 0 -19 -16 -23 -13 -4 -29 -15 -36 -27 -7 -11
-8 -17 -2 -14 5 4 13 1 16 -5 5 -7 -2 -10 -21 -8 -16 2 -36 -1 -44 -6 -51 -33
-58 -34 -109 -19 -17 5 -22 4 -17 -4 9 -15 -29 -34 -62 -31 -15 1 -35 -1 -44
-6 -19 -8 -52 17 -40 30 4 5 2 5 -5 2 -22 -13 -1 -43 77 -106 43 -35 109 -98
147 -141 39 -44 99 -97 142 -126 41 -26 79 -53 85 -59 6 -6 49 -41 96 -78 199
-160 314 -296 404 -478 27 -57 56 -151 55 -179 0 -8 -7 10 -16 40 -29 107 -97
238 -173 328 -50 60 -62 52 -32 -21 15 -35 15 -40 2 -32 -5 3 -10 0 -10 -7 0
-17 -60 -21 -80 -5 -8 7 -21 24 -27 39 -10 22 -9 29 7 43 11 10 17 22 14 26
-11 19 8 51 27 46 17 -5 17 -4 2 17 -42 54 -278 247 -357 292 l-28 16 35 -66
c20 -36 34 -66 32 -66 -2 0 -20 25 -40 55 -39 59 -58 77 -49 48 5 -17 5 -17
-6 0 -6 9 -9 21 -6 26 7 10 -34 55 -42 46 -4 -3 0 -10 8 -15 10 -7 11 -10 3
-10 -7 0 -13 -9 -13 -19 0 -46 -42 -35 -58 15 -8 28 -7 36 6 43 13 8 14 12 3
25 -37 45 -287 157 -455 205 -99 28 -174 45 -165 37 2 -2 60 -38 129 -81 164
-101 353 -236 414 -297 27 -27 56 -46 63 -44 22 9 42 -4 38 -24 -3 -14 1 -17
13 -13 15 6 15 5 3 -10 -11 -14 -11 -18 3 -23 9 -3 16 -11 16 -18 1 -16 124
-146 139 -146 7 0 10 -4 7 -9 -3 -5 1 -12 10 -15 24 -9 25 -8 18 19 -5 20 -3
24 9 19 8 -3 18 0 23 7 5 8 3 10 -7 4 -12 -7 -12 -6 -1 7 11 14 9 25 -13 70
-21 43 -22 48 -6 28 11 -14 21 -28 21 -32 0 -5 12 -8 26 -8 14 0 23 -4 19 -10
-3 -5 3 -10 14 -10 31 0 73 19 66 30 -3 5 2 10 11 10 10 0 14 -3 11 -7 -4 -3
1 -12 11 -20 16 -14 16 -14 0 -9 -19 6 -25 -9 -8 -19 12 -8 1 -35 -13 -32 -7
1 -11 -4 -10 -10 2 -7 -1 -13 -7 -13 -5 0 -7 -7 -4 -15 5 -11 2 -13 -10 -9
-15 6 -20 17 -17 37 0 4 -4 7 -10 7 -5 0 -7 5 -4 10 8 13 -5 13 -25 0 -11 -7
-11 -10 -2 -10 7 0 10 -4 7 -10 -3 -5 -2 -10 3 -10 5 0 9 -6 9 -12 0 -7 4 -21
8 -31 6 -13 3 -16 -9 -11 -9 3 -14 10 -11 14 3 5 1 11 -4 15 -6 3 -8 -5 -5
-19 4 -22 2 -23 -21 -13 -14 7 -25 22 -27 37 -3 25 -3 25 -10 2 -4 -13 -1 -28
7 -36 8 -7 12 -16 10 -18 -8 -7 86 -98 127 -124 34 -22 50 -44 30 -44 -6 0
-61 45 -117 98 -25 23 -55 35 -56 22 -1 -6 -2 -16 -3 -22 -2 -16 -44 -11 -63
7 -9 10 -10 20 -3 39 8 23 7 26 -13 27 l-22 0 22 11 21 10 -20 34 c-42 72
-255 272 -298 281 -16 3 -28 9 -25 12 2 4 -13 7 -33 7 -26 -1 -37 3 -37 14 -1
23 -15 41 -27 34 -6 -4 -8 -2 -5 4 4 5 17 8 30 4 l22 -5 -20 23 c-28 31 -223
159 -325 212 -65 34 -91 43 -110 37 -14 -4 -19 -7 -12 -8 6 -1 12 -6 12 -12 0
-5 -4 -8 -9 -5 -4 3 -6 -5 -4 -17 3 -14 37 -46 95 -87 49 -36 120 -91 156
-122 61 -52 68 -56 81 -40 13 16 13 16 8 0 -7 -20 9 -35 16 -16 4 10 6 10 6 0
1 -7 6 -10 13 -6 8 5 9 2 5 -9 -3 -9 -3 -16 1 -16 19 3 26 -2 13 -10 -12 -7
-2 -23 46 -73 113 -118 163 -173 163 -181 0 -4 17 -26 39 -50 21 -23 54 -64
75 -90 20 -27 36 -45 36 -41 0 4 9 -2 20 -14 21 -22 28 -48 10 -37 -14 9 -1
-45 15 -65 7 -8 16 -26 20 -40 4 -14 17 -36 29 -49 11 -13 15 -21 9 -17 -13 7
-17 -4 -14 -31 1 -7 -4 -13 -11 -13 -9 0 -9 -3 2 -10 10 -7 11 -10 2 -10 -7 0
-17 11 -22 24 -5 13 -15 28 -22 32 -19 12 -39 14 -32 3 3 -5 10 -6 16 -3 6 4
8 -1 4 -14 -5 -15 3 -28 34 -54 22 -19 40 -39 40 -43 0 -5 -10 0 -22 11 -13
11 -36 28 -52 38 -23 15 -30 16 -37 5 -6 -9 -1 -20 14 -32 12 -10 16 -16 10
-12 -16 8 -17 -7 -1 -23 9 -9 9 -12 0 -12 -7 0 -12 6 -12 13 0 7 -8 3 -16 -8
-11 -13 -18 -16 -21 -8 -2 7 -12 9 -20 6 -13 -5 -15 -2 -10 11 4 9 3 15 -2 11
-5 -3 -12 -1 -15 4 -4 5 -2 12 4 16 6 4 7 11 4 17 -4 7 -2 8 5 4 12 -8 61 18
61 32 0 4 -34 42 -76 85 l-76 76 -34 -14 c-31 -13 -35 -12 -56 6 -13 11 -18
18 -11 15 6 -4 23 -2 38 4 22 8 26 8 22 -4 -4 -10 0 -12 14 -9 19 5 19 7 -5
23 -15 9 -23 19 -20 23 3 3 -19 34 -49 69 -30 35 -77 88 -103 118 -82 95 -285
307 -315 329 -22 16 -12 -2 37 -66 l66 -88 -91 95 c-50 52 -91 98 -91 103 0 4
-6 7 -14 7 -8 0 -17 6 -19 13 -3 6 -6 2 -6 -11 -1 -12 19 -53 43 -90 137 -213
315 -542 362 -672 12 -36 29 -83 38 -105 55 -150 92 -501 67 -630 -21 -104
-22 -109 -27 -114 -6 -7 -4 29 5 76 5 27 5 43 -2 43 -5 0 -4 7 3 15 16 19 16
192 0 301 -14 100 -38 184 -57 206 -9 10 -12 25 -8 39 5 13 3 19 -3 15 -6 -3
-8 1 -5 12 14 55 -174 450 -284 597 -60 80 -183 217 -168 188 4 -8 0 -13 -9
-13 -9 0 -16 5 -16 12 0 6 -3 8 -6 5 -4 -4 -1 -13 6 -22 11 -13 10 -15 -2 -10
-9 4 -15 0 -15 -10 0 -10 6 -14 16 -10 13 5 13 4 4 -6 -9 -9 -16 -9 -26 -1 -8
7 -17 8 -22 4 -4 -4 -2 4 5 17 l13 24 -28 -22 c-22 -16 -30 -19 -36 -9 -7 10
-11 10 -21 -1 -11 -11 -11 -13 1 -6 11 6 13 4 8 -9 -5 -13 -3 -17 7 -13 10 4
14 0 11 -14 -2 -10 0 -19 4 -19 5 0 9 -10 9 -22 0 -13 17 -63 37 -113 82 -196
144 -410 145 -495 0 -33 30 -76 44 -63 3 3 8 -6 12 -21 6 -24 15 -31 38 -27 5
1 6 -5 3 -14 -4 -8 -2 -15 4 -15 6 0 9 -7 5 -15 -3 -8 -2 -14 2 -13 4 0 18 -4
32 -10 14 -6 19 -11 13 -11 -7 -1 -13 -8 -13 -16 0 -8 6 -15 13 -15 8 0 7 -4
-3 -10 -13 -8 -8 -14 10 -12 3 0 7 -9 7 -21 2 -17 0 -19 -7 -7 -6 9 -10 10
-10 3 0 -6 5 -15 10 -18 6 -3 10 -17 10 -30 0 -13 4 -26 9 -30 6 -3 6 -17 1
-34 -4 -16 -6 -31 -4 -34 5 -5 -5 -6 -79 -9 -31 -2 -57 0 -57 3 0 9 -32 17
-48 12 -6 -3 -10 -9 -6 -14 3 -5 -2 -16 -10 -25 -9 -8 -16 -13 -16 -10 0 16
-65 -61 -68 -81 -2 -20 23 -87 60 -158 8 -13 7 -20 -1 -23 -6 -2 -9 -8 -6 -12
3 -5 1 -11 -3 -14 -5 -3 -15 6 -22 19 -7 13 -26 29 -42 34 -15 6 -31 18 -35
28 -9 25 -36 43 -48 33 -5 -4 -18 -6 -27 -5 -20 4 -50 30 -42 38 3 3 -4 8 -15
12 -12 3 -21 11 -21 16 0 5 -7 9 -15 9 -8 0 -15 4 -15 10 0 14 -60 6 -70 -10
-5 -7 -6 -20 -2 -28 3 -9 1 -13 -5 -9 -5 3 -10 0 -10 -8 0 -8 5 -15 10 -15 5
0 4 -6 -2 -13 -6 -8 -9 -16 -6 -18 2 -3 -10 -4 -27 -3 -17 1 -34 8 -38 14 -5
8 -10 9 -14 2 -4 -6 -16 -9 -29 -6 -108 23 -122 23 -97 -2 14 -14 -22 -47 -53
-49 -12 -1 -21 -6 -20 -11 1 -5 -5 -13 -14 -18 -13 -7 -13 -10 -2 -18 10 -7 6
-8 -13 -5 -19 3 -28 -1 -30 -12 -2 -9 -13 -17 -26 -17 -48 -3 -52 -4 -52 -19
0 -8 -6 -15 -14 -15 -22 0 -43 -75 -24 -86 4 -3 6 -10 3 -15 -4 -5 -2 -9 3 -9
5 0 12 -14 16 -31 4 -21 10 -28 18 -23 7 4 9 3 5 -1 -10 -11 -37 -16 -37 -7 0
4 -9 13 -21 20 -12 8 -18 9 -14 3 8 -14 -1 -14 -26 0 -11 6 -18 17 -15 24 5
15 -17 10 -44 -9 -13 -9 -13 -9 -3 5 7 9 10 19 6 23 -4 4 1 4 11 0 14 -5 17
-4 12 4 -4 7 -14 12 -22 12 -8 0 -13 4 -9 10 3 5 12 7 20 3 8 -3 15 0 15 6 0
6 -4 11 -9 11 -5 0 -11 9 -14 21 -3 12 -10 18 -16 15 -5 -4 -12 -2 -16 4 -4 6
-25 8 -52 4 -28 -4 -43 -2 -40 4 4 5 -4 7 -18 4 -14 -2 -31 0 -38 5 -6 5 -24
9 -39 8 -16 0 -28 3 -28 8 0 5 -6 4 -14 -2 -13 -11 -46 -6 -46 8 0 4 -12 8
-27 9 -16 1 -29 7 -31 12 -4 10 -74 34 -102 35 -17 0 -40 -17 -34 -26 2 -4 -3
-9 -11 -13 -8 -3 -15 0 -15 7 0 7 -8 0 -18 -15 -9 -16 -22 -28 -29 -28 -7 0
-13 -5 -13 -12 0 -6 -3 -8 -7 -5 -10 10 -35 -31 -27 -45 4 -6 3 -8 -3 -5 -24
15 -22 -28 2 -65 14 -21 26 -38 28 -38 1 0 3 12 4 27 1 31 30 56 56 49 9 -2
15 0 11 5 -3 5 -1 9 3 9 5 0 9 9 10 20 1 13 -2 18 -9 14 -6 -4 -8 -3 -5 4 10
15 35 9 50 -12 13 -17 14 -17 28 0 12 16 12 17 -1 9 -8 -4 -12 -4 -7 0 4 5 20
10 35 11 15 1 35 5 44 8 20 9 48 -29 44 -59 -2 -14 -11 -20 -31 -20 -19 -1
-31 -9 -42 -29 -11 -22 -17 -25 -28 -16 -19 16 -37 3 -30 -21 4 -10 2 -27 -4
-36 -6 -10 -11 -13 -11 -8 0 6 -5 3 -10 -5 -9 -13 -11 -13 -20 0 -6 10 -10 11
-10 3 0 -7 -4 -13 -10 -13 -5 0 -7 7 -4 15 5 11 -1 13 -25 10 -17 -2 -31 1
-31 7 0 5 -7 7 -16 4 -12 -5 -15 -2 -10 10 5 12 2 15 -10 10 -12 -4 -15 -2
-10 9 3 8 1 15 -5 15 -6 0 -7 5 -3 12 4 7 3 8 -4 4 -7 -4 -12 -13 -12 -21 0
-25 -23 -65 -33 -58 -6 3 -7 1 -3 -5 3 -6 -2 -37 -13 -69 -11 -32 -20 -50 -21
-40 0 15 -2 16 -14 5 -9 -8 -11 -17 -5 -24 5 -7 3 -11 -6 -11 -8 0 -12 4 -9 8
2 4 0 10 -6 14 -6 4 -7 12 -3 18 4 7 -1 6 -10 -2 -16 -13 -17 -12 -7 13 5 15
10 36 10 46 0 23 -40 62 -57 56 -7 -3 -10 1 -7 8 3 8 0 17 -6 21 -6 3 -10 3
-9 -2 5 -27 -1 -35 -16 -23 -13 11 -14 10 -9 -4 3 -9 1 -16 -6 -16 -6 0 -9 -4
-5 -9 3 -5 0 -13 -6 -17 -7 -4 -9 -3 -6 2 3 6 2 16 -4 24 -7 13 -9 12 -9 -2 0
-10 -5 -18 -11 -18 -5 0 -7 -4 -4 -10 3 -6 -1 -7 -9 -4 -10 4 -27 -6 -46 -24
-16 -17 -30 -28 -30 -25 0 3 -9 -2 -20 -12 -11 -10 -23 -16 -26 -12 -3 3 -17
2 -31 -4 -14 -5 -22 -5 -19 0 4 5 0 11 -6 14 -9 3 -5 12 12 28 13 13 28 25 32
25 5 1 11 3 16 4 4 1 10 2 14 1 4 0 10 8 13 19 4 11 13 20 20 20 8 0 17 5 21
12 5 7 3 8 -6 3 -9 -5 -11 -4 -6 4 4 6 11 9 16 6 17 -10 39 7 45 36 5 21 13
29 28 29 17 0 19 2 8 9 -12 8 -12 11 1 25 9 8 18 12 22 9 3 -4 6 1 6 11 0 9 5
14 10 11 7 -4 9 3 6 20 -4 21 -2 24 8 16 10 -9 15 -8 20 4 3 9 2 13 -4 10 -12
-8 -13 5 0 25 5 9 5 19 0 25 -5 6 -8 21 -5 34 2 12 0 19 -6 16 -5 -4 -7 -10
-4 -14 7 -12 -32 -44 -44 -37 -6 4 -8 -2 -6 -14 2 -11 0 -18 -5 -15 -4 3 -10
2 -13 -2 -2 -5 -2 -3 -1 4 2 7 -2 15 -8 19 -7 4 -8 3 -4 -4 3 -6 -3 -16 -14
-22 -16 -9 -22 -8 -26 5 -4 10 -15 13 -35 10 -28 -5 -28 -5 -17 22 6 16 17 33
22 38 10 9 12 25 6 50 -1 6 -2 13 -1 17 0 3 -13 4 -30 1 -19 -3 -29 -1 -25 5
3 6 0 17 -8 25 -13 13 -13 17 3 32 11 9 18 24 16 33 -2 9 -4 25 -4 35 -1 10
-5 15 -11 12 -5 -3 -10 -2 -10 2 0 5 -9 9 -20 9 -11 0 -20 -3 -20 -6 0 -4 -6
-7 -12 -8 -61 -9 -79 -9 -84 -1 -3 5 1 12 9 15 19 7 28 42 13 48 -8 3 -8 7 1
13 7 5 14 21 15 36 1 16 9 27 18 28 10 0 11 2 2 6 -7 3 -24 -2 -37 -11 -16
-11 -25 -12 -25 -5 0 8 -4 8 -15 -1 -8 -6 -18 -9 -24 -6 -5 3 -11 1 -13 -6 -3
-8 -11 -9 -24 -3 -10 5 -26 9 -34 10 -8 0 -14 7 -12 14 1 7 -2 10 -8 6 -6 -3
-8 -10 -5 -15 2 -4 -7 -10 -20 -13 -14 -2 -28 0 -32 5 -7 13 18 29 32 20 5 -3
4 1 -3 10 -11 13 -10 19 2 30 12 11 12 15 -1 31 -11 11 -12 17 -4 17 7 0 9 5
6 10 -3 6 1 13 10 16 14 6 14 8 -2 20 -17 13 -17 13 2 14 12 1 15 4 7 7 -10 4
-10 8 -1 19 10 12 9 13 -5 8 -19 -7 -22 12 -3 20 6 3 0 3 -15 1 -21 -3 -26 0
-21 12 4 10 2 14 -5 9 -6 -3 -13 -2 -17 4 -3 5 -1 10 6 10 7 0 9 3 6 6 -4 4
-13 1 -22 -6 -14 -11 -19 -7 -16 12 0 4 -6 5 -14 2 -8 -4 -15 -10 -15 -14 0
-4 -13 -10 -30 -12 -29 -4 -37 1 -23 16 4 3 7 15 8 25 1 13 -4 17 -17 13 -10
-2 -18 1 -18 7 0 7 3 10 8 8 4 -3 7 8 7 24 1 32 -5 35 -23 17 -7 -7 -12 -8
-12 -3 0 17 15 33 35 38 17 4 16 5 -5 6 -21 1 -23 3 -8 11 10 6 15 19 13 30
-2 12 0 18 6 14 14 -9 39 15 32 32 -4 10 0 12 13 7 13 -5 16 -3 11 10 -4 11
-1 17 9 17 8 0 17 7 20 15 3 8 13 17 22 20 18 6 53 49 56 68 1 7 5 17 9 24 4
6 3 14 -2 18 -5 3 -14 -2 -19 -11 -6 -11 -11 -13 -16 -5 -5 8 -12 7 -22 -4 -9
-8 -20 -13 -25 -9 -6 3 -16 0 -24 -6 -12 -10 -15 -10 -15 1 0 8 -6 5 -15 -7
-8 -10 -15 -15 -15 -10 0 5 -7 3 -15 -4 -9 -7 -15 -8 -15 -2 0 14 -33 8 -38
-6 -6 -18 -19 -14 -25 8 -4 15 0 20 15 20 10 0 17 4 14 9 -3 4 2 17 10 27 9
10 12 13 8 5 -5 -11 -3 -13 11 -8 9 4 23 3 30 -3 9 -7 16 -6 24 4 10 12 9 14
-6 10 -10 -2 -26 3 -37 10 -17 14 -17 16 -2 38 9 12 16 20 17 18 0 -3 2 -13 4
-22 2 -12 -2 -15 -13 -11 -16 5 -16 4 -1 -11 12 -13 21 -14 40 -7 15 6 18 10
8 10 -24 1 -29 45 -9 71 13 17 22 21 36 15 22 -9 22 -9 51 -1 16 5 23 2 28
-15 5 -16 9 -18 15 -9 5 7 3 24 -3 38 -6 13 -13 19 -15 13 -2 -6 -8 -8 -13 -5
-14 9 39 47 53 38 7 -4 4 3 -7 15 -15 17 -16 22 -5 20 9 -2 15 1 15 6 0 6 -8
9 -17 9 -10 -1 -18 3 -18 8 0 6 12 8 28 4 15 -4 39 -7 54 -6 15 0 31 -7 36
-16 6 -11 12 -13 16 -6 3 6 2 13 -4 17 -5 3 -10 12 -10 18 0 7 4 6 10 -3 9
-14 94 -25 86 -11 -2 3 3 13 12 20 14 13 15 12 10 -7 -4 -15 -2 -22 9 -22 8 0
11 5 8 10 -3 5 1 10 9 10 9 0 13 -6 10 -14 -3 -7 3 -16 13 -20 10 -3 29 -10
42 -16 21 -9 22 -9 11 5 -10 13 -11 18 -1 28 10 9 12 9 9 -3 -2 -8 2 -14 9
-15 6 0 15 -3 19 -7 11 -11 24 -10 24 3 0 5 -6 7 -13 3 -9 -5 -9 -4 -1 5 9 10
17 10 34 1 18 -10 20 -14 9 -21 -9 -6 -4 -7 15 -3 27 6 29 5 23 -16 l-6 -22
20 21 c21 22 35 28 24 11 -3 -5 1 -10 9 -10 8 0 20 -8 25 -17 6 -10 11 -12 11
-5 0 6 7 12 16 12 8 0 12 -5 8 -11 -4 -7 2 -7 17 1 20 10 22 10 12 -1 -22 -23
-14 -28 18 -12 26 13 33 13 40 2 7 -11 9 -11 9 -1 0 7 5 10 11 7 14 -9 69 14
69 29 0 22 -30 55 -45 49 -11 -4 -13 -1 -9 11 8 21 -4 20 -30 -1 -20 -17 -20
-17 -7 0 16 20 9 33 -11 21 -23 -15 -34 -12 -35 7 -1 11 2 17 6 15 22 -14 1
35 -27 62 -18 18 -30 32 -26 32 3 0 1 7 -6 15 -7 9 -20 14 -29 11 -13 -5 -13
-4 1 6 15 11 15 13 -5 23 -12 5 -32 26 -45 45 -13 19 -30 34 -39 33 -8 0 -12
1 -9 5 3 3 -2 11 -12 18 -16 13 -16 13 2 14 11 0 17 3 13 6 -8 8 -68 -6 -63
-14 2 -4 -3 -13 -10 -20 -12 -11 -14 -10 -10 12 2 14 -1 27 -7 30 -7 2 -5 5 4
5 9 1 16 7 17 14 1 6 3 24 6 39 6 38 -9 28 -83 -58 -35 -41 -68 -74 -74 -74
-6 0 3 15 20 32 16 18 47 55 67 83 35 47 36 50 17 57 -12 4 -21 13 -21 19 0
17 -22 -6 -188 -198 -29 -34 -66 -79 -81 -100 -86 -119 -119 -171 -113 -178 4
-5 2 -6 -3 -2 -11 6 -118 -156 -118 -179 0 -8 -4 -14 -9 -14 -4 0 -7 -3 -5 -8
1 -4 -7 -16 -18 -28 -47 -49 -113 -153 -129 -202 -10 -29 -31 -103 -47 -165
-16 -62 -27 -94 -23 -72 7 50 41 196 55 233 7 21 -4 13 -48 -34 -32 -34 -44
-45 -27 -25 63 75 96 134 135 236 42 114 121 277 163 338 14 21 26 42 26 47 0
4 4 10 8 12 4 2 45 55 90 119 46 64 134 174 197 245 65 74 109 131 103 135 -7
5 -7 8 1 12 7 3 7 4 -1 3 -7 -2 -12 -11 -10 -20 3 -14 0 -14 -18 4 -18 18 -24
19 -38 8 -13 -11 -14 -11 -7 1 6 11 4 13 -8 8 -9 -3 -16 -2 -14 2 1 5 -2 10
-8 11 -5 1 -21 11 -34 22 -29 22 -38 50 -13 41 9 -4 13 -2 9 4 -7 10 22 11 39
0 6 -3 11 0 11 8 0 9 -10 15 -24 15 -12 0 -23 5 -23 10 0 6 -5 10 -11 10 -5 0
-7 -5 -3 -12 4 -7 3 -8 -5 -4 -9 6 -9 11 0 22 20 24 7 24 -61 0 -107 -37 -260
-121 -439 -241 -93 -62 -194 -122 -225 -134 -63 -23 -80 -26 -71 -11 3 6 13
10 22 10 22 0 149 66 208 108 172 124 285 194 425 264 52 27 84 46 70 43 l-25
-6 25 21 c14 11 42 28 63 37 37 15 37 16 20 36 -17 19 -17 20 -1 14 10 -3 20
-1 24 5 4 7 3 8 -4 4 -18 -11 -14 5 3 18 18 13 28 53 14 62 -5 3 -8 0 -7 -6 2
-7 -5 -14 -14 -15 -10 -2 -18 1 -18 6 0 4 -6 7 -12 5 -7 -1 -10 -1 -5 1 4 3 7
11 7 19 0 8 -3 14 -7 15 -89 11 -213 -2 -343 -36 -105 -28 -230 -76 -230 -88
0 -5 4 -6 8 -3 5 3 9 -1 9 -9 0 -11 -4 -12 -13 -4 -7 6 -23 8 -36 4 -45 -13
-163 -59 -175 -68 -7 -5 -13 -6 -13 -1 0 12 96 74 114 74 8 0 17 4 21 9 5 10
-44 -1 -65 -14 -6 -3 -22 -9 -37 -11 -14 -3 -39 -12 -55 -20 -17 -9 -32 -14
-34 -12 -3 4 123 65 181 89 94 38 206 75 352 115 95 27 171 50 169 52 -6 5
-148 -23 -288 -57 -68 -17 -202 -49 -298 -71 -188 -43 -270 -67 -270 -79 0 -4
5 -12 11 -18 7 -7 13 -22 14 -35 1 -13 3 -26 4 -30 1 -7 33 -3 54 7 6 4 0 -3
-15 -15 -32 -25 -38 -60 -10 -60 10 0 39 14 65 30 58 37 69 38 29 5 -17 -14
-35 -25 -40 -25 -33 0 -60 -92 -38 -128 4 -7 4 -12 1 -12 -3 0 2 -17 13 -37
31 -60 41 -86 46 -118 7 -42 24 -93 25 -75 1 13 3 13 10 1 7 -10 5 -18 -5 -25
-8 -6 -15 -23 -16 -38 -1 -15 -6 -24 -10 -22 -5 3 -18 -15 -29 -41 -11 -25
-27 -49 -35 -52 -8 -3 -14 -13 -14 -22 0 -9 -9 -23 -20 -31 -11 -8 -20 -20
-20 -26 0 -12 -28 -29 -42 -26 -5 1 -8 -3 -8 -9 0 -5 -4 -8 -9 -5 -5 4 -7 -3
-4 -15 5 -18 3 -20 -14 -15 -11 4 -31 2 -44 -4 -22 -10 -22 -10 -2 -6 30 5 49
-17 28 -34 -12 -10 -15 -9 -15 5 0 13 -6 16 -25 13 -14 -3 -23 -1 -22 6 1 6
-4 10 -12 8 -9 -2 -11 3 -7 13 5 13 2 14 -15 5 -15 -8 -24 -8 -34 0 -10 8 -15
8 -19 -2 -4 -9 -8 -10 -11 -2 -3 7 -15 9 -27 6 -16 -4 -19 -2 -13 9 7 11 5 11
-9 -1 -27 -22 -64 -23 -86 -2 -20 18 -56 22 -80 7 -8 -5 -11 -4 -7 2 4 5 -6 8
-24 5 -18 -3 -28 -9 -26 -17 5 -11 0 -13 -40 -16 -10 -1 -24 -6 -31 -12 -9 -7
-11 -5 -6 8 5 13 4 16 -4 11 -7 -4 -12 -1 -12 8 0 9 -4 16 -9 16 -14 0 -20
-38 -7 -44 6 -3 1 -4 -12 -2 -12 1 -27 7 -34 14 -8 8 -5 9 12 5 15 -4 21 -2
17 5 -6 8 -42 10 -42 2 0 -1 -8 -3 -18 -5 -10 -2 -17 3 -17 13 0 15 -2 15 -10
2 -7 -12 -10 -12 -10 -1 0 7 -6 11 -15 7 -8 -3 -21 1 -29 9 -7 8 -16 11 -20 8
-3 -4 -6 0 -6 7 0 11 -3 11 -12 2 -17 -17 -25 -15 -31 8 -3 11 -11 20 -19 20
-10 0 -9 -3 2 -10 13 -8 12 -10 -2 -10 -10 0 -18 -6 -18 -12 0 -9 -4 -8 -10 2
-8 12 -10 9 -10 -11 0 -15 -7 -29 -15 -33 -13 -5 -14 -2 -4 16 10 18 9 20 -6
15 -9 -4 -19 -7 -21 -7 -2 0 -4 -6 -4 -14 0 -8 -7 -17 -16 -20 -9 -3 -12 -2
-8 5 3 6 -3 5 -14 -2 -12 -7 -18 -17 -16 -21 5 -8 -17 -12 -43 -9 -9 1 -13
-13 -13 -44 0 -46 1 -47 48 -48 16 0 21 -4 17 -15 -4 -11 -2 -12 7 -5 16 13
80 15 73 2 -4 -5 -1 -9 4 -9 6 0 11 4 11 10 0 10 35 8 46 -2 3 -4 16 -3 29 2
13 5 25 6 28 3 9 -8 66 -10 61 -1 -3 4 0 8 5 8 6 0 11 -5 11 -11 0 -5 8 -9 18
-7 9 1 23 -1 30 -5 7 -5 12 -3 12 3 0 6 10 2 22 -10 12 -11 30 -20 39 -20 12
0 16 -6 12 -19 -3 -10 0 -22 6 -25 7 -5 8 -1 4 11 -4 12 1 10 15 -7 18 -23 19
-26 4 -32 -16 -6 -14 -9 7 -12 15 -2 25 -16 12 -16 -7 0 -9 -5 -5 -12 4 -6 3
-8 -3 -5 -6 4 -17 0 -24 -9 -7 -8 -8 -14 -3 -13 20 3 28 -2 16 -10 -11 -6 -7
-15 15 -37 15 -15 27 -34 25 -42 -2 -9 1 -11 8 -7 8 5 10 2 6 -11 -4 -12 3
-30 19 -48 14 -16 25 -32 26 -35 0 -3 2 -15 5 -26 7 -36 7 -60 -1 -79 -7 -15
-5 -17 6 -11 11 6 12 5 1 -6 -6 -7 -12 -21 -12 -31 0 -11 -10 -29 -23 -42 -13
-13 -22 -31 -21 -40 1 -9 -1 -14 -5 -11 -5 2 -17 -2 -27 -10 -18 -13 -18 -14
-1 -21 10 -3 23 -2 30 5 12 12 31 15 23 3 -2 -4 18 -7 45 -7 27 0 49 3 49 7 0
11 23 5 32 -7 5 -6 8 -5 8 3 0 9 5 10 19 2 11 -5 27 -7 35 -4 9 4 23 1 31 -6
12 -10 18 -10 30 0 12 10 15 10 15 -3 0 -9 8 -15 19 -14 16 1 18 4 8 16 -10
12 -9 13 2 6 11 -6 13 -4 8 8 -3 9 -1 19 5 23 7 4 8 3 4 -4 -10 -16 17 -15 32
0 15 15 16 48 2 48 -5 0 -10 7 -10 17 0 12 6 10 23 -10 26 -31 39 -35 30 -10
-6 15 -5 16 9 3 9 -9 12 -18 6 -21 -13 -8 -21 -99 -8 -99 5 0 10 9 10 20 0 11
6 20 13 20 7 0 8 3 2 8 -5 4 -11 14 -13 22 -1 10 2 9 13 -4 16 -22 19 -36 7
-36 -9 0 -7 -64 3 -81 5 -7 4 -10 -2 -6 -6 4 -13 -2 -16 -13 -3 -11 0 -23 5
-27 7 -4 8 -1 3 7 -6 9 -4 11 4 6 7 -5 10 -15 7 -23 -4 -9 -1 -22 6 -31 11
-13 10 -15 -10 -10 -18 5 -21 4 -13 -6 17 -21 8 -67 -16 -86 -13 -10 -23 -21
-23 -25 0 -10 -63 -65 -82 -71 -10 -3 -18 -10 -18 -15 0 -6 -4 -7 -10 -4 -5 3
-10 2 -10 -3 0 -5 -6 -9 -12 -10 -7 -1 -24 -4 -38 -6 -14 -3 -56 -10 -95 -17
-38 -6 -78 -15 -88 -20 -11 -6 -16 -6 -15 2 3 12 -123 16 -142 4 -6 -4 -18 -1
-27 7 -12 9 -15 9 -9 1 4 -7 3 -13 -3 -13 -5 0 -18 -3 -28 -6 -15 -5 -15 -4
-3 5 13 9 13 11 -1 11 -9 0 -19 -3 -22 -7 -4 -4 -28 -7 -53 -8 -27 -2 -50 -8
-55 -16 -5 -8 -9 -10 -9 -5 0 5 -6 4 -12 -1 -7 -6 -25 -10 -39 -9 -19 1 -25
-2 -21 -13 3 -8 1 -12 -5 -8 -6 4 -36 -4 -67 -18 -31 -14 -56 -22 -56 -19 0 4
-7 1 -15 -6 -11 -9 -15 -33 -15 -85 0 -62 3 -73 19 -78 10 -2 25 -1 33 4 8 5
25 3 39 -5 28 -14 80 -30 91 -28 5 1 8 -5 8 -14 0 -8 4 -13 10 -9 5 3 19 -2
30 -12 24 -20 49 -60 31 -49 -7 4 -9 1 -5 -8 3 -9 11 -14 16 -13 6 1 13 -4 16
-12 3 -10 0 -12 -14 -7 -15 6 -16 5 -7 -5 10 -10 16 -9 28 1 14 11 16 11 13
-1 -2 -8 -7 -17 -13 -22 -5 -4 2 -5 16 -3 27 4 34 -13 14 -31 -4 -5 -5 -2 0 6
6 10 4 13 -7 9 -8 -4 -21 -2 -28 2 -8 5 -18 6 -23 3 -5 -3 -3 -9 4 -14 10 -6
10 -9 2 -9 -6 0 -15 5 -18 10 -4 7 -12 7 -25 0 -12 -7 -20 -6 -22 0 -2 6 -26
13 -53 16 -59 7 -88 12 -95 14 -3 1 -8 2 -12 1 -5 0 -8 3 -8 9 0 5 -9 10 -20
10 -18 0 -20 -7 -20 -84 0 -55 4 -87 12 -93 23 -16 219 -1 226 18 2 4 10 5 18
2 8 -3 14 0 14 7 0 8 8 10 21 7 14 -4 19 -1 16 7 -3 7 8 21 24 32 34 23 39 39
7 24 -18 -9 -16 -6 5 10 15 13 24 27 20 33 -4 7 0 6 10 -1 9 -8 25 -11 36 -7
10 3 22 1 26 -5 4 -6 15 -8 25 -5 10 3 21 1 25 -5 3 -6 11 -8 16 -5 5 4 9 1 9
-4 0 -6 9 -11 20 -11 11 0 20 -5 20 -12 0 -6 3 -9 6 -5 4 3 13 0 20 -8 8 -8
21 -12 28 -9 8 3 17 0 21 -5 3 -6 10 -9 15 -6 10 6 31 -28 35 -59 1 -11 6 -30
11 -40 6 -15 4 -18 -7 -12 -8 4 -6 1 3 -7 14 -11 15 -16 5 -26 -9 -10 -9 -11
4 -6 10 4 19 0 23 -10 4 -11 2 -14 -7 -9 -6 4 -3 -3 7 -15 15 -16 16 -20 4
-16 -9 4 -18 -1 -22 -12 -4 -9 -4 -14 0 -10 4 4 14 1 22 -6 13 -9 14 -9 8 1
-4 6 -2 12 3 12 6 0 11 -5 11 -11 0 -6 7 -9 15 -5 8 3 15 1 15 -5 0 -6 4 -7
10 -4 5 3 10 1 10 -4 0 -6 6 -11 14 -11 8 0 17 -7 20 -16 4 -10 12 -14 22 -10
11 4 15 2 11 -8 -4 -10 -1 -13 9 -9 8 3 14 -1 14 -10 0 -8 7 -20 15 -27 8 -7
13 -16 10 -20 -5 -8 32 -23 48 -21 5 1 6 -3 3 -8 -4 -5 3 -12 14 -16 11 -3 20
-11 20 -16 0 -6 4 -8 9 -5 5 4 7 -3 4 -14 -3 -12 -2 -20 3 -19 5 1 14 1 20 0
17 -2 74 -57 67 -65 -3 -3 5 -6 20 -6 17 0 28 -7 32 -20 3 -11 13 -20 21 -20
8 0 14 -4 14 -10 0 -5 -4 -10 -10 -10 -5 0 -13 0 -17 0 -4 0 -8 7 -9 16 -2 9
-8 22 -15 28 -9 8 -9 6 -1 -10 9 -17 8 -24 -6 -36 -15 -13 -23 -13 -65 -1 -28
9 -47 20 -47 29 0 8 -8 17 -17 21 -21 7 -83 71 -83 85 0 5 -4 6 -10 3 -5 -3
-10 -2 -10 2 0 5 -7 18 -15 29 -15 19 -15 19 -9 -1 4 -14 0 -12 -12 7 -10 15
-35 35 -57 44 -21 10 -45 26 -52 37 -8 12 -20 17 -29 14 -15 -6 -21 9 -17 36
0 4 -4 6 -11 5 -7 -2 -12 3 -13 11 0 8 -7 16 -15 18 -12 4 -12 3 -2 -5 11 -8
11 -10 0 -15 -8 -3 -20 4 -27 15 -9 14 -15 17 -25 9 -7 -6 -15 -8 -19 -5 -8 9
-56 15 -114 16 -29 0 -50 5 -47 9 3 5 -1 7 -8 4 -7 -2 -54 -6 -105 -9 -99 -6
-134 -22 -132 -61 0 -20 0 -20 9 0 8 20 9 20 9 -1 1 -13 14 -28 36 -40 19 -10
35 -22 35 -27 0 -4 13 -13 30 -18 16 -6 28 -15 25 -19 -3 -5 14 -18 38 -28 25
-11 48 -25 51 -31 4 -6 12 -8 18 -5 6 4 8 2 5 -3 -6 -10 11 -33 23 -30 17 3
42 -24 45 -51 4 -28 1 -33 -20 -32 -3 1 -13 -6 -21 -15 -12 -12 -19 -13 -30
-4 -7 6 -18 8 -24 4 -5 -3 -13 1 -16 10 -5 11 -10 13 -19 5 -9 -7 -15 -8 -19
-1 -4 6 -13 8 -22 4 -8 -3 -23 2 -34 12 -11 10 -26 15 -34 12 -8 -3 -17 1 -20
9 -3 9 -10 12 -16 9 -5 -3 -10 -1 -10 5 0 6 -4 9 -9 5 -5 -3 -12 -1 -16 5 -4
6 -11 8 -16 5 -5 -4 -9 -1 -9 5 0 6 -4 8 -10 5 -5 -3 -20 0 -32 7 -13 7 -27
11 -31 10 -5 -1 -6 2 -2 8 3 5 -5 14 -19 20 -14 5 -26 16 -26 24 0 7 -9 16
-21 19 -12 3 -18 10 -14 16 3 6 1 11 -4 11 -8 0 -11 -115 -11 -364 l0 -364 31
-7 c30 -7 93 11 85 24 -3 4 5 8 16 8 12 1 24 7 28 14 5 8 10 8 14 1 4 -6 13
-9 21 -5 9 3 29 0 46 -8 43 -17 172 -15 199 4 28 20 59 12 53 -14 -3 -10 -1
-19 5 -19 5 0 10 -6 9 -12 -1 -39 5 -60 23 -78 21 -21 12 -34 -25 -36 -40 -2
-46 -4 -41 -13 7 -11 -62 -53 -75 -46 -5 4 -10 1 -10 -4 -1 -6 -2 -15 -3 -20
0 -5 -5 -13 -10 -18 -5 -4 -6 -3 -2 4 3 6 2 14 -3 17 -9 6 -26 -22 -23 -36 1
-5 -3 -8 -9 -8 -5 0 -7 -4 -4 -10 3 -5 2 -10 -4 -10 -6 0 -8 -7 -5 -15 4 -8 2
-15 -4 -15 -5 0 -9 -6 -8 -12 0 -7 -2 -13 -5 -13 -4 0 -16 -9 -28 -19 -12 -11
-31 -24 -44 -30 -14 -7 -22 -21 -22 -36 0 -14 -9 -32 -20 -42 -23 -18 -42 -13
-25 7 9 10 7 13 -7 10 -10 -1 -26 2 -36 7 -16 8 -18 7 -13 -9 3 -10 2 -31 -3
-48 -7 -22 -10 -25 -11 -10 -1 19 -2 18 -10 -2 -8 -21 -26 -27 -68 -26 -9 1
-12 -41 -12 -178 l0 -179 1940 0 c1661 0 1941 2 1946 14 3 8 -3 29 -12 48 -10
18 -17 42 -16 53 2 11 -1 16 -5 10 -4 -5 -35 -11 -68 -13 -33 -1 -78 -11 -100
-22 -22 -10 -49 -20 -60 -22 -11 -2 -22 -6 -25 -9 -3 -3 -23 -1 -45 3 -30 6
-45 16 -57 39 -25 42 -23 67 11 134 16 32 27 64 24 72 -3 8 -8 11 -11 9 -3 -3
-11 -1 -19 5 -10 9 -13 7 -13 -9 0 -21 -36 -37 -46 -20 -4 6 -10 5 -15 -3 -4
-8 -12 -14 -17 -14 -5 0 -23 -13 -40 -30 -23 -21 -32 -39 -32 -61 0 -17 -9
-41 -20 -54 -11 -13 -20 -27 -20 -33 0 -14 -73 2 -86 19 -6 8 -18 14 -27 14
-8 0 -18 7 -21 16 -3 8 -10 13 -14 10 -12 -7 -88 74 -97 104 -5 14 -8 38 -7
55 0 17 -8 39 -18 50 -25 27 -30 127 -8 153 8 9 18 41 21 70 4 29 15 68 27 86
25 42 25 68 0 91 -17 15 -20 29 -18 79 1 48 -4 69 -21 99 -13 20 -20 37 -15
37 4 0 -1 9 -10 19 -10 11 -15 24 -12 29 3 5 -1 15 -8 21 -11 10 -16 9 -24 -4
-5 -11 -23 -17 -48 -18 -30 -2 -40 -6 -42 -22 -2 -11 -11 -28 -20 -38 -12 -14
-13 -21 -4 -40 26 -49 55 -92 63 -95 6 -3 6 -8 0 -16 -5 -6 -21 -45 -35 -86
-24 -73 -46 -102 -46 -61 0 24 -28 61 -46 61 -7 0 -15 14 -19 30 -4 17 -11 30
-16 30 -6 0 -7 4 -4 10 3 5 0 8 -7 5 -8 -3 -13 -22 -12 -53 0 -31 -5 -54 -16
-67 -30 -35 -31 -53 -4 -84 62 -74 62 -153 0 -165 -17 -4 -33 -2 -36 4 -4 7
-11 6 -19 -4 -11 -14 -16 -14 -33 -2 -22 16 -48 11 -48 -9 0 -7 -13 -18 -30
-24 -21 -7 -30 -17 -30 -31 0 -12 -4 -18 -10 -15 -6 4 -7 -1 -3 -11 5 -13 3
-16 -10 -11 -9 3 -17 2 -17 -3 0 -6 -5 -10 -11 -10 -6 0 -17 -6 -24 -14 -9 -9
-33 -13 -72 -11 -31 2 -65 -1 -75 -6 -12 -6 -18 -6 -18 1 0 5 -5 10 -11 10 -5
0 -8 -4 -5 -8 3 -5 -1 -9 -8 -9 -7 0 -11 8 -9 17 7 28 -26 19 -48 -12 -17 -23
-24 -26 -40 -18 -10 6 -19 7 -19 3 0 -4 -6 1 -13 12 -14 18 -43 13 -32 -6 3
-5 -1 -6 -9 -3 -9 3 -13 10 -10 15 3 5 -2 6 -10 3 -10 -4 -16 -1 -16 8 0 8 -7
15 -15 15 -11 0 -12 -4 -4 -13 7 -8 7 -14 -1 -19 -5 -3 -10 -20 -10 -36 0 -55
-44 -49 -113 15 -57 53 -117 170 -118 231 -1 6 -5 15 -9 20 -5 6 -5 17 0 24 5
9 1 21 -10 34 -10 10 -17 28 -15 38 2 10 -1 21 -6 24 -5 4 -7 11 -4 16 4 5 -1
12 -9 15 -9 3 -13 10 -10 15 3 5 -2 9 -10 9 -8 0 -18 5 -22 12 -4 7 -3 8 4 4
18 -11 14 10 -4 28 -9 9 -11 16 -4 16 6 0 9 4 6 9 -4 5 0 12 6 14 7 3 8 6 3 6
-7 1 -9 16 -7 36 3 25 0 36 -11 41 -12 4 -14 12 -8 27 8 23 13 111 4 90 -2 -7
-11 -9 -19 -6 -13 5 -13 7 -2 14 11 7 10 11 -2 19 -13 8 -13 10 1 10 27 0 119
104 124 140 0 3 8 16 17 30 9 14 21 42 28 62 6 20 22 47 35 60 14 13 25 31 25
40 0 26 11 48 21 42 5 -3 9 4 9 16 0 12 10 25 25 32 13 6 22 14 20 18 -3 5 6
11 19 14 13 3 33 21 45 38 11 18 21 29 21 23 0 -5 17 8 37 31 21 22 59 49 85
60 27 10 48 22 48 27 0 4 7 7 15 7 7 0 19 8 24 18 9 14 12 15 20 3 8 -12 12
-12 25 -2 8 7 24 10 35 6 11 -3 29 -2 39 4 13 7 22 7 29 0 12 -12 143 -18 136
-6 -3 5 3 5 13 0 11 -5 26 -9 34 -8 8 0 21 -5 28 -12 15 -15 32 -17 32 -5 0 4
8 8 18 9 9 1 24 3 32 5 11 2 16 -7 18 -31 3 -32 50 -86 75 -86 6 0 11 -9 13
-19 7 -48 15 -63 40 -74 14 -7 30 -9 36 -6 7 4 8 2 4 -4 -4 -7 -1 -12 8 -12 8
0 18 6 22 12 4 7 4 10 -1 6 -4 -4 -14 4 -22 18 -11 22 -11 30 -1 43 11 14 11
14 -2 4 -12 -9 -19 -8 -35 4 -12 10 -14 14 -4 10 8 -2 25 1 38 7 30 17 81 9
81 -13 0 -11 3 -12 8 -4 10 16 26 4 46 -34 20 -39 48 -57 64 -41 9 9 12 9 12
0 0 -7 8 -12 18 -12 9 0 25 -14 35 -31 20 -36 22 -53 5 -44 -7 4 -4 -1 6 -9
11 -9 25 -16 32 -16 7 0 20 -10 28 -22 9 -12 16 -19 16 -15 0 12 25 -14 41
-43 14 -27 16 -31 18 -55 2 -29 34 -10 107 63 40 41 78 71 83 67 6 -3 9 0 6 8
-4 8 6 19 22 28 15 8 32 20 36 27 7 11 11 11 24 0 15 -12 15 -11 4 10 -18 35
-6 59 29 57 16 -1 27 2 23 8 -3 5 4 6 18 1 13 -4 29 -7 36 -7 7 0 10 -4 7 -9
-3 -4 0 -8 5 -8 6 0 11 4 11 8 0 4 15 8 33 9 26 2 28 0 12 -7 -65 -28 -98 -34
-90 -18 4 7 -3 2 -14 -12 -11 -14 -21 -20 -21 -15 0 6 -4 3 -9 -5 -15 -23 -4
-29 34 -19 38 11 101 -2 141 -27 20 -14 24 -13 43 7 21 23 81 34 81 15 0 -6
11 2 25 17 21 22 28 25 39 15 8 -7 11 -17 8 -23 -3 -5 1 -5 9 1 8 6 22 10 32
9 10 -2 17 3 17 14 0 11 9 17 25 19 14 1 25 -2 25 -7 0 -4 16 -16 35 -27 20
-10 33 -24 31 -31 -3 -8 1 -10 12 -6 15 6 15 5 3 -10 -12 -15 -12 -17 2 -12 9
4 21 -3 31 -17 9 -12 16 -17 16 -11 0 18 27 4 33 -16 3 -11 29 -26 73 -40 38
-13 74 -27 80 -32 7 -6 16 1 24 17 12 22 12 27 0 34 -8 6 -20 10 -27 10 -15 0
-25 32 -17 54 9 24 75 21 109 -5 19 -16 26 -28 22 -45 -2 -13 -1 -21 3 -19 4
2 20 -9 35 -25 16 -17 32 -30 37 -30 8 0 53 -28 108 -67 16 -12 21 -13 16 -4
-7 11 -4 13 12 9 19 -5 20 -3 11 13 -5 10 -16 19 -24 19 -8 0 -15 7 -15 15 0
8 -4 15 -9 15 -5 0 -11 10 -14 22 -8 30 19 49 53 37 24 -9 24 -9 5 7 -19 16
-19 16 10 11 30 -6 30 -6 5 6 -14 7 -26 20 -26 29 -2 23 5 23 22 1 13 -17 13
-17 14 -1 0 12 5 15 16 11 15 -5 15 -7 0 -15 -14 -8 -15 -13 -5 -24 9 -11 9
-17 0 -28 -10 -12 -8 -13 10 -9 15 4 20 3 15 -5 -5 -8 -2 -10 8 -6 11 4 16 0
16 -10 0 -9 12 -21 26 -26 14 -6 22 -15 18 -21 -4 -8 -1 -8 13 -1 14 8 27 7
48 -4 16 -8 41 -13 57 -10 16 2 28 0 28 -7 0 -5 3 -8 6 -4 4 3 20 -1 36 -9 16
-8 33 -12 39 -8 6 3 13 -3 16 -15 3 -12 12 -21 19 -21 22 0 56 -40 50 -57 -4
-9 -2 -21 4 -28 8 -10 6 -13 -7 -11 -10 0 -17 -4 -16 -10 5 -25 -78 -33 -106
-11 -12 9 -13 9 -7 -1 5 -8 -1 -12 -18 -12 -31 0 -34 -15 -6 -30 13 -7 17 -16
12 -28 -21 -47 -51 -83 -115 -133 -74 -58 -95 -84 -74 -92 8 -4 7 -6 -3 -7
-38 -4 -54 -10 -88 -34 -21 -14 -45 -38 -56 -53 -19 -29 -127 -113 -144 -113
-5 0 -21 -9 -36 -21 -14 -11 -26 -18 -26 -14 0 18 -151 -82 -192 -127 -22 -24
-25 -34 -18 -49 8 -15 21 -18 61 -17 42 0 55 6 81 31 43 43 83 42 143 -6 26
-20 64 -41 84 -48 20 -6 44 -20 54 -30 10 -11 20 -19 24 -19 7 0 63 63 63 71
0 6 -92 29 -119 29 -20 0 -71 43 -71 59 0 6 19 19 43 31 84 41 107 56 122 76
8 12 38 31 67 44 29 12 55 26 58 30 6 8 116 70 124 70 4 0 6 -6 6 -13 0 -12
-40 -47 -81 -72 -34 -20 -119 -100 -119 -111 0 -19 43 -25 60 -9 9 8 23 15 30
15 7 0 21 7 31 16 9 8 40 21 68 29 48 12 51 12 51 -6 0 -13 5 -17 18 -12 9 4
20 11 24 16 3 6 16 -5 27 -24 24 -39 26 -49 9 -49 -22 0 -41 17 -34 29 4 6 0
11 -8 11 -9 0 -16 -3 -17 -7 -3 -33 -11 -58 -20 -64 -6 -3 -10 -9 -10 -13 3
-18 0 -18 -14 0 -19 26 -18 7 3 -36 15 -30 22 -35 54 -36 27 -1 35 2 31 12 -3
9 2 14 16 14 12 0 21 -6 21 -12 0 -9 4 -8 10 2 5 8 10 11 10 7 0 -5 7 -1 16 7
8 9 19 14 23 11 5 -2 6 7 3 20 -2 14 -8 25 -13 25 -9 0 -13 -15 -10 -33 1 -5
-3 -6 -8 -3 -6 4 -6 18 0 39 5 17 9 32 9 33 0 1 10 -1 23 -3 32 -6 66 -104 45
-130 -6 -7 -8 -20 -4 -28 3 -10 2 -13 -5 -10 -6 4 -13 -2 -16 -14 -3 -11 -8
-19 -12 -17 -4 3 -13 1 -20 -3 -10 -7 -10 -13 -2 -30 8 -14 8 -21 1 -21 -5 0
-10 4 -10 8 0 4 -10 9 -22 9 -13 1 -28 9 -34 17 -10 14 -13 14 -28 -2 -9 -10
-16 -24 -16 -30 0 -17 -15 -15 -31 4 -10 13 -10 17 0 23 9 6 10 14 3 27 -5 11
-15 30 -20 44 -9 21 -11 22 -11 5 -1 -15 -3 -17 -10 -6 -6 9 -8 5 -8 -13 0
-30 -13 -48 -20 -28 -3 6 -9 12 -14 12 -6 0 -7 -6 -3 -12 6 -10 4 -10 -7 -2
-21 17 -68 23 -73 10 -3 -7 -5 -7 -5 1 -1 7 -11 10 -28 6 -16 -3 -37 -6 -48
-8 -11 -1 -24 -3 -29 -4 -4 0 -5 -8 -2 -17 4 -11 2 -15 -8 -11 -13 5 -13 2 -4
-19 7 -14 17 -23 25 -20 8 3 17 -2 20 -12 4 -9 16 -24 26 -33 16 -12 18 -19 9
-36 -6 -11 -8 -23 -4 -27 3 -4 -1 -4 -10 -1 -9 4 -19 2 -23 -4 -4 -8 51 -11
180 -11 165 0 186 2 181 16 -4 9 -2 13 5 8 8 -4 9 1 4 15 -5 16 -2 21 12 21
10 0 25 14 34 33 9 17 22 32 30 32 8 0 13 8 13 17 -1 10 7 20 17 23 14 5 18
12 13 31 -4 17 -1 26 10 30 18 7 36 63 36 111 0 19 -10 43 -25 61 -14 17 -25
34 -25 39 0 5 -15 10 -32 11 -33 3 -84 29 -74 39 7 7 -13 26 -43 42 -22 12
-57 8 -143 -16 -27 -7 -22 20 8 46 14 12 42 28 62 36 21 7 54 22 75 34 51 28
62 27 104 -14 20 -19 33 -35 29 -35 -18 0 36 -44 56 -45 47 -4 40 46 -14 102
-62 64 -8 51 96 -22 29 -21 60 -35 78 -35 31 0 73 -34 62 -51 -8 -13 -44 9
-44 26 0 8 -4 15 -8 15 -18 0 -20 -12 -6 -38 8 -15 14 -31 14 -37 0 -5 12 -21
26 -34 23 -23 24 -26 9 -37 -9 -6 -25 -10 -35 -7 -12 3 -22 -1 -26 -11 -3 -9
-17 -16 -31 -16 -21 0 -23 -3 -17 -22 9 -32 12 -34 35 -20 11 7 29 10 40 7 14
-5 21 0 28 18 5 13 16 27 24 30 15 6 117 -81 117 -100 0 -15 -97 -10 -113 6
-8 8 -17 4 -34 -15 -13 -15 -23 -31 -23 -36 0 -11 17 -10 25 2 11 18 35 11 35
-10 0 -11 -4 -20 -10 -20 -21 0 -9 -20 15 -26 14 -3 26 -11 26 -18 3 -29 -4
-52 -19 -65 -12 -10 -14 -15 -4 -18 6 -3 12 -18 12 -34 0 -21 5 -29 18 -29 14
0 15 -2 2 -10 -9 -5 -19 -5 -27 2 -11 8 -12 7 -7 -7 5 -13 4 -16 -4 -11 -7 4
-12 13 -12 20 0 22 -40 65 -54 60 -8 -3 -17 0 -22 7 -4 8 -3 10 4 5 7 -4 12 0
12 10 0 10 -3 14 -7 10 -4 -4 -15 8 -25 26 -16 31 -18 32 -24 11 -3 -13 -11
-20 -20 -16 -7 3 -12 9 -11 13 3 10 -8 11 -28 4 -8 -4 -15 -14 -15 -23 -1 -13
-3 -13 -17 4 l-16 20 7 -20 c12 -32 12 -37 -1 -42 -7 -3 -13 1 -13 9 0 8 -9
14 -20 14 -11 0 -20 -1 -20 -2 0 -1 7 -19 15 -40 11 -28 12 -34 2 -22 -8 11
-18 14 -27 8 -11 -7 -11 -11 -1 -23 8 -10 9 -17 1 -22 -24 -15 -6 -25 46 -25
52 0 55 1 49 21 -5 14 -3 19 3 15 6 -3 12 -1 14 6 6 16 38 2 38 -16 0 -8 -8
-16 -17 -19 -10 -2 37 -5 105 -6 99 -1 122 1 122 12 0 8 -7 20 -15 27 -15 13
-21 83 -9 114 5 13 9 14 20 5 8 -6 11 -16 7 -22 -4 -7 0 -8 13 -3 45 19 49 14
50 -52 2 -58 15 -94 29 -80 10 10 15 69 5 63 -4 -3 -6 4 -3 14 4 17 31 36 39
28 2 -1 5 -20 7 -41 6 -53 24 -67 29 -23 2 20 0 33 -4 31 -4 -3 -8 2 -8 10 0
17 9 20 34 10 10 -4 16 -18 16 -38 0 -17 4 -36 8 -41 10 -15 41 -13 51 3 10
17 23 15 34 -4 14 -25 27 -15 27 23 0 38 12 39 16 0 1 -12 3 -25 3 -29 1 -5
10 -8 21 -8 12 0 17 5 14 14 -9 24 12 26 35 5 29 -27 37 -20 40 32 1 18 4 19
16 9 8 -7 12 -16 9 -21 -3 -5 -1 -9 5 -9 5 0 14 7 19 16 6 11 12 13 16 6 4 -6
13 -9 21 -6 9 4 16 -3 21 -20 6 -26 47 -39 43 -14 -4 33 1 38 26 26 13 -6 23
-15 22 -21 -1 -5 3 -11 9 -14 7 -2 10 6 6 24 -5 26 -4 27 14 13 10 -8 23 -21
27 -27 10 -17 67 -17 67 0 0 6 -7 25 -15 41 -9 16 -13 31 -11 34 3 2 13 -11
22 -30 19 -41 54 -68 54 -42 0 15 2 15 23 1 16 -10 49 -15 112 -14 50 0 82 2
73 5 -10 2 -20 17 -24 37 -5 26 -10 32 -25 28 -14 -4 -19 0 -19 16 0 12 -6 21
-15 21 -32 0 -10 30 75 99 14 11 35 31 48 43 12 12 22 19 22 15 0 -10 -30 -46
-69 -84 -19 -18 -32 -36 -28 -40 4 -3 7 -2 7 3 1 5 7 -2 15 -16 l14 -25 1 24
c0 24 1 24 14 6 12 -17 18 -18 40 -7 18 8 26 8 26 1 0 -8 4 -8 13 -1 8 7 18 6
31 -4 10 -7 23 -11 27 -8 5 3 9 -5 9 -17 0 -19 9 -13 53 36 28 33 68 76 88 97
30 31 34 40 22 49 -11 10 -12 8 -7 -7 6 -16 5 -17 -7 -6 -11 10 -11 16 -1 32
14 22 6 50 -14 50 -8 0 -17 -7 -20 -15 -4 -8 -10 -12 -15 -10 -4 3 -14 -3 -21
-15 -7 -11 -17 -20 -22 -20 -5 0 1 11 13 24 51 55 -23 64 -90 12 -43 -35 -63
-40 -39 -11 7 8 16 12 21 9 5 -3 6 2 2 11 -5 13 -7 14 -14 3 -5 -7 -9 -10 -9
-5 0 4 -11 0 -25 -9 -17 -11 -29 -13 -38 -7 -36 29 -113 -11 -230 -119 -52
-48 -69 -53 -60 -18 3 11 9 18 13 15 5 -3 32 15 61 40 29 25 56 45 61 45 4 0
8 7 8 15 0 15 -27 20 -77 16 -12 -1 -24 3 -28 9 -3 6 -10 8 -15 5 -5 -3 -19
-1 -30 5 -14 8 -20 8 -20 0 0 -7 -8 -9 -20 -5 -12 4 -20 2 -20 -5 0 -7 -5 -6
-14 3 -9 9 -34 13 -77 12 -35 -1 -68 0 -74 4 -5 3 -14 6 -20 6 -19 0 -10 20
10 22 11 1 36 7 55 12 104 28 109 28 119 18 13 -13 51 -17 51 -6 0 5 7 6 15 3
8 -4 15 -2 15 3 0 10 15 10 71 -1 26 -6 46 -3 67 8 17 9 32 11 34 6 7 -21 118
-11 118 11 0 5 5 9 10 9 6 0 19 8 30 18 40 35 57 47 66 48 5 1 19 5 32 9 12 3
22 2 22 -4 0 -5 15 -15 34 -21 28 -9 42 -8 72 5 l39 16 -30 -32 c-17 -18 -24
-29 -17 -25 7 5 12 1 12 -11 1 -17 2 -17 15 1 8 11 15 14 15 7 0 -7 5 -9 10
-6 20 13 9 -12 -15 -33 -28 -25 -32 -50 -10 -58 8 -4 15 -14 16 -23 0 -10 2
-11 6 -3 2 6 9 9 14 6 6 -3 20 2 31 13 21 18 21 18 7 -4 -16 -27 -8 -36 30
-36 20 0 28 -4 24 -14 -6 -16 62 -19 72 -3 10 16 28 12 21 -5 -4 -11 2 -15 24
-15 17 0 30 -4 30 -10 0 -17 29 1 36 23 7 22 8 21 15 -3 6 -21 7 -22 8 -4 1
11 -4 25 -11 32 -7 7 -8 12 -1 12 6 0 11 31 12 78 l1 77 -26 -30 c-26 -28 -26
-28 -19 -5 4 14 14 32 21 41 8 9 11 19 7 22 -10 11 -71 8 -78 -3 -12 -20 -26
-10 -15 10 6 11 8 20 6 20 -3 0 -1 11 4 24 7 21 6 26 -10 31 -11 4 -25 3 -32
-1 -8 -5 -9 -2 -5 10 4 10 7 20 7 22 0 2 7 4 15 4 8 0 15 -5 15 -11 0 -20 44
-48 57 -37 7 6 10 14 7 19 -3 5 -1 9 5 9 5 0 11 -5 13 -12 7 -19 28 1 28 26 0
12 -3 25 -6 29 -8 7 -35 -3 -30 -12 6 -8 -53 -7 -86 3 -24 7 -48 46 -28 46 5
0 16 3 26 7 12 4 15 3 10 -5 -5 -8 -1 -10 10 -5 16 6 15 8 -4 16 -12 6 -22 14
-22 19 0 4 -7 8 -15 8 -9 0 -12 -6 -9 -15 7 -18 -2 -19 -45 -4 -17 6 -31 17
-31 25 0 8 -6 11 -15 8 -9 -4 -15 0 -15 8 0 19 -39 51 -66 54 -13 1 -27 5 -33
8 -5 4 -13 1 -17 -5 -5 -8 -3 -9 6 -4 9 6 11 4 5 -4 -8 -14 -30 1 -30 21 0 6
-6 13 -14 16 -10 3 -12 0 -8 -11 7 -20 -24 -33 -38 -15 -5 7 -26 12 -45 11
-40 -3 -80 14 -80 34 0 12 -7 15 -27 12 -5 -1 -7 -5 -5 -11 1 -5 -2 -7 -8 -3
-5 3 -10 14 -10 23 0 15 -2 15 -10 2 -6 -10 -10 -11 -10 -2 0 6 -6 12 -14 12
-8 0 -16 7 -20 15 -3 8 -1 15 4 15 6 0 10 -3 10 -7 0 -5 20 -8 44 -8 25 0 42
3 40 7 -9 14 15 17 47 7 19 -6 56 -22 82 -36 26 -14 67 -27 89 -30 23 -2 57
-11 75 -18 18 -8 70 -16 115 -20 46 -3 104 -8 130 -11 l47 -6 -1 81 c0 45 -2
81 -4 81 -4 0 -13 -4 -80 -39 -23 -11 -50 -21 -61 -21 -10 0 -24 -5 -30 -11
-9 -9 -19 -9 -41 0 -16 7 -41 9 -55 6 -19 -5 -28 -3 -33 8 -3 9 -15 14 -30 12
-13 -1 -27 2 -30 6 -3 5 -16 9 -30 9 -14 0 -44 10 -67 22 -24 12 -58 20 -80
20 -21 -1 -46 2 -56 8 -12 6 -22 5 -29 -2 -9 -9 -12 -9 -12 1 0 9 -4 10 -12 4
-12 -8 -30 -10 -43 -3 -3 1 -32 3 -64 4 -49 1 -63 5 -80 25 -12 13 -21 21 -21
16 0 -4 -6 -3 -12 3 -8 6 -49 9 -100 6 -68 -3 -90 -1 -102 11 -8 8 -21 15 -29
15 -24 0 -26 11 -10 54 20 51 34 67 61 69 11 0 19 4 16 9 -7 11 62 21 96 14
17 -3 30 -1 30 4 0 6 -6 10 -12 10 -7 0 -5 5 5 11 12 7 15 15 9 22 -5 7 -9 23
-7 37 1 14 -5 31 -14 37 -14 11 -14 14 -1 23 8 5 11 10 5 10 -5 1 5 7 23 15
40 18 183 31 209 20 10 -5 20 -9 23 -10 69 -17 107 -47 92 -72 -9 -14 -101
-21 -106 -8 -3 5 -3 -5 0 -22 2 -20 0 -33 -6 -33 -6 0 -8 -5 -5 -10 4 -6 11
-8 16 -5 13 9 11 -9 -3 -24 -11 -10 -9 -11 5 -5 19 7 80 -14 73 -25 -3 -4 8
-6 24 -5 19 1 27 -2 24 -11 -3 -8 6 -14 22 -18 32 -6 56 1 48 14 -9 15 3 10
22 -8 12 -13 33 -18 71 -18 29 0 53 3 53 7 0 10 63 26 75 19 5 -3 23 -4 39 -2
16 1 32 -3 36 -9 6 -10 15 -9 40 4 18 9 34 16 34 16 1 0 2 -9 3 -20 2 -21 30
-56 39 -47 3 2 7 16 9 30 4 18 1 24 -11 23 -27 -2 -27 19 0 33 31 17 50 7 36
-19 -8 -16 -8 -18 5 -14 8 4 15 1 15 -5 0 -6 4 -11 9 -11 5 0 10 77 11 175 0
136 -2 175 -12 176 -7 1 -24 3 -38 5 -14 2 -44 5 -67 6 -23 1 -39 6 -36 11 3
5 -6 2 -20 -8 -27 -18 -47 -5 -28 19 6 7 8 15 6 18 -3 3 5 4 17 3 13 -1 23 -3
23 -4 0 -2 8 -4 18 -6 9 -2 17 1 17 6 0 6 5 7 10 4 6 -3 10 -1 10 5 0 6 4 9 9
5 5 -3 13 -1 16 5 4 6 14 10 23 9 10 -1 25 -1 35 0 16 1 17 95 17 1836 l0
1835 -46 21 c-38 17 -48 18 -56 7 -7 -9 -8 -6 -4 11 3 17 2 21 -6 13 -6 -6
-17 -8 -24 -5 -8 3 -14 0 -14 -6 0 -6 -5 -11 -11 -11 -5 0 -7 5 -4 10 4 6 -9
9 -34 7 -23 -2 -41 0 -41 3 0 4 -10 7 -22 6 -13 -1 -29 5 -35 14 -11 12 -14
13 -22 1 -7 -11 -9 -11 -14 0 -4 11 -6 11 -6 -1 -1 -9 -9 -3 -22 15 -12 17
-18 22 -15 11 5 -13 2 -17 -9 -12 -8 3 -15 1 -15 -5 0 -5 -6 -4 -14 3 -8 7
-12 16 -10 20 2 3 -5 4 -16 1 -11 -3 -17 -10 -13 -16 3 -6 1 -7 -6 -3 -6 4 -9
12 -5 17 3 6 -6 9 -23 7 -18 -2 -27 1 -26 10 2 6 -1 12 -6 12 -5 0 -12 -6 -15
-12 -3 -7 -3 -3 0 9 4 17 1 22 -16 20 -11 -1 -20 -6 -20 -12 0 -5 -5 -2 -11 7
-5 9 -16 15 -24 12 -8 -4 -18 1 -21 10 -6 15 -8 15 -20 -1 -11 -15 -14 -15
-14 -3 -1 10 -4 9 -10 -5 -8 -19 -9 -19 -9 -1 -1 11 -4 16 -8 13 -3 -4 -13 -2
-20 5 -11 9 -17 9 -24 -3 -8 -12 -13 -6 -10 13 0 4 -18 6 -40 6 -25 0 -45 5
-50 13 -6 10 -9 10 -9 2 0 -9 -7 -10 -27 -2 -14 5 -33 7 -40 5 -8 -3 -12 -2
-9 2 2 4 1 14 -5 22 -7 12 -9 12 -9 1 0 -11 -3 -11 -15 -1 -11 9 -15 9 -15 1
0 -7 -4 -10 -9 -7 -5 4 -12 0 -14 -6 -4 -10 -6 -10 -6 -1 -1 9 -13 11 -40 7
-25 -4 -42 -1 -46 7 -6 8 -4 10 5 4 9 -5 11 -4 6 4 -6 9 -11 9 -24 -1 -14 -11
-15 -10 -9 7 7 19 6 19 -7 2 -14 -18 -15 -18 -26 0 -9 14 -21 17 -52 14 -25
-2 -38 0 -34 7 3 5 -11 12 -33 16 -22 3 -41 12 -44 18 -3 10 -8 9 -22 -2 -17
-13 -18 -13 -13 0 4 12 -1 16 -21 17 -46 1 -52 3 -46 12 3 6 -11 13 -32 16
-63 11 -67 13 -52 31 10 13 9 16 -10 21 -12 3 -20 10 -18 16 1 5 -10 24 -25
41 -15 17 -28 36 -28 42 0 6 -9 19 -19 28 -17 16 -19 28 -16 100 7 131 10 161
15 166 4 3 14 29 23 59 14 43 15 56 5 63 -10 6 -10 8 0 8 6 0 12 5 12 11 0 6
-6 9 -13 6 -15 -6 -16 20 -2 42 5 9 4 12 -3 7 -7 -4 -14 9 -19 36 -5 26 -14
44 -23 44 -8 1 -19 2 -24 3 -5 0 -5 6 0 14 5 6 9 21 9 32 0 11 5 26 12 33 7 8
10 19 6 25 -6 10 -10 25 -15 64 -1 7 -5 10 -10 7 -8 -5 -12 11 -8 31 1 6 -4 4
-11 -2 -10 -10 -17 -5 -36 22 -13 19 -28 35 -32 35 -35 0 -8 82 31 95 40 14
67 13 61 -2 -3 -7 0 -13 7 -13 19 0 107 -93 118 -126 5 -17 10 -50 10 -75 1
-64 0 -64 21 -45 10 9 29 50 41 89 12 40 26 81 30 92 21 48 21 81 1 99 -10 10
-28 19 -38 21 -10 1 -17 8 -15 15 1 6 -2 9 -7 6 -5 -3 -14 1 -20 8 -10 11 -8
16 8 21 12 3 21 11 21 16 0 5 9 9 20 9 13 0 18 5 14 15 -6 14 5 19 33 16 6 -1
14 8 18 19 4 11 17 28 31 36 13 9 24 22 24 29 0 6 15 28 32 47 42 44 73 83 68
83 -3 0 5 14 16 30 12 17 25 40 28 53 4 12 18 34 30 50 12 15 34 47 47 72 32
56 52 91 62 104 17 25 115 225 111 228 -6 6 42 126 63 157 45 67 59 115 70
244 l6 68 -39 39 c-47 49 -112 72 -212 75 -41 2 -76 6 -79 9 -4 3 -12 1 -20
-5 -7 -6 -13 -8 -13 -4 0 4 -7 2 -15 -5 -8 -7 -21 -10 -29 -7 -8 3 -17 3 -21
-1 -4 -4 -11 -8 -16 -8 -5 -1 -10 -3 -11 -4 -3 -2 -36 -8 -65 -12 -7 -1 -13
-4 -13 -7 0 -3 -14 -7 -32 -7 -18 -1 -34 -6 -36 -13 -2 -6 -7 -9 -11 -6 -5 2
-32 -4 -62 -15 -29 -11 -55 -20 -56 -20 -8 0 -1 -38 8 -47 7 -7 4 -12 -11 -16
-15 -4 -19 -2 -12 6 5 7 6 21 1 32 -4 11 -8 15 -8 9 -1 -9 -69 -46 -93 -50 -4
-1 -11 -3 -15 -4 -5 -1 -12 -2 -17 -1 -5 1 -6 -5 -2 -14 3 -9 2 -14 -3 -11 -5
3 -14 -1 -21 -8 -6 -8 -24 -18 -40 -21 -15 -3 -36 -15 -46 -26 -9 -10 -27 -19
-38 -19 -24 0 -69 -26 -106 -61 -13 -13 -27 -23 -30 -22 -13 5 -112 -60 -120
-80 -5 -12 -9 -16 -9 -9 -1 12 -10 9 -61 -20 -8 -4 -51 -26 -95 -49 -44 -22
-84 -44 -89 -49 -6 -6 -18 -10 -28 -10 -10 0 -18 -4 -18 -9 0 -5 -18 -17 -40
-27 -22 -10 -40 -21 -40 -26 0 -12 -83 -88 -97 -88 -16 0 -36 -37 -27 -52 4
-7 3 -8 -4 -4 -7 4 -12 1 -12 -6 0 -13 -44 -38 -67 -38 -7 0 -13 5 -13 11 0 5
5 7 12 3 6 -4 8 -3 5 3 -9 15 31 93 51 101 27 10 111 66 112 73 0 3 16 23 35
43 19 21 33 41 30 46 -7 11 -75 18 -81 8 -3 -4 -14 -4 -24 2 -11 6 -21 6 -24
1 -4 -5 -31 -3 -64 6 -63 17 -152 12 -236 -12 -16 -4 -36 -9 -45 -10 -9 -1
-24 -5 -34 -9 -10 -5 -37 -2 -64 7 -29 10 -53 12 -63 7 -14 -8 -52 -7 -92 2
-9 2 -26 12 -36 21 -17 16 -33 17 -125 11 -96 -6 -109 -5 -147 15 -30 16 -59
21 -113 21 -40 1 -90 7 -112 15 -22 8 -69 18 -105 21 -45 4 -76 13 -101 30
-19 13 -49 24 -65 24 -17 0 -39 6 -49 14 -11 8 -24 12 -31 9 -6 -2 -21 7 -32
21 -11 14 -30 26 -42 26 -12 0 -28 6 -35 14 -8 8 -28 12 -46 10 -45 -5 -65 2
-86 34 -10 15 -28 28 -40 28 -20 1 -22 -2 -17 -35 3 -20 10 -43 14 -51 18 -35
27 -86 18 -110 -9 -24 -10 -24 -24 -6 -8 11 -14 16 -14 12 0 -4 -7 -1 -15 8
-8 8 -15 24 -15 36 0 30 -30 91 -41 84 -5 -3 -6 2 -3 10 5 14 -17 47 -31 46
-20 -1 -25 1 -25 11 0 7 -7 17 -17 24 -10 8 -13 17 -7 26 16 26 4 73 -27 101
-16 15 -29 32 -29 37 0 5 -8 12 -18 15 -14 5 -17 14 -14 36 3 24 -3 37 -32 66
-20 20 -34 40 -31 44 3 5 -6 21 -19 35 -14 15 -30 42 -36 61 -7 19 -16 32 -21
29 -5 -4 -9 2 -9 13 0 20 -29 52 -48 52 -6 0 -9 7 -6 15 9 23 -5 65 -21 65 -8
0 -15 6 -15 13 0 7 -11 24 -24 38 -25 27 -50 68 -51 84 0 5 -8 11 -18 13 -25
5 -68 50 -54 56 9 3 8 5 0 5 -7 1 -13 6 -13 12 0 5 5 7 11 3 6 -3 4 5 -5 18
-9 14 -13 28 -9 33 5 4 3 5 -3 2 -7 -4 -18 1 -25 10 -12 14 -12 16 1 9 9 -4 8
-2 -2 7 -10 8 -15 17 -11 20 3 4 1 7 -5 7 -7 0 -12 9 -12 20 0 22 -64 67 -87
62 -7 -2 -13 6 -13 17 0 11 -5 23 -12 27 -7 5 -8 3 -3 -6 5 -9 4 -11 -3 -6 -7
4 -12 15 -12 25 0 9 -14 32 -31 49 -30 31 -42 37 -64 32 -5 -1 -7 2 -3 5 10
10 -35 45 -57 45 -9 0 -40 11 -68 24 -54 25 -153 37 -201 25z m47 -563 c-3 -5
5 -7 21 -4 14 3 26 2 26 -1 0 -4 11 -7 25 -7 14 0 25 3 25 8 0 4 7 5 15 2 8
-4 13 -9 11 -13 -2 -3 12 -6 31 -5 20 1 39 7 43 14 5 9 9 9 14 1 4 -6 13 -9
19 -5 7 3 3 -1 -7 -10 -18 -14 -14 -15 47 -12 37 2 67 0 67 -5 0 -5 9 -9 21
-9 13 0 18 4 13 12 -4 7 -3 8 5 4 6 -4 8 -13 5 -19 -3 -7 5 1 19 16 26 29 42
31 66 9 12 -12 12 -15 0 -23 -8 -4 -15 -17 -15 -28 -1 -11 3 -18 8 -15 4 3 6
9 4 13 -4 6 38 12 117 15 15 0 27 5 27 11 0 14 23 -12 26 -29 2 -17 -17 -27
-46 -21 -11 2 -20 0 -20 -5 0 -4 -3 -15 -6 -23 -5 -15 18 -18 32 -5 3 4 13 4
22 1 11 -5 13 -3 7 8 -5 8 2 5 15 -6 13 -11 21 -15 17 -10 -3 7 6 11 24 10 17
0 29 -5 29 -13 0 -7 -4 -11 -9 -7 -5 3 -12 2 -15 -3 -3 -5 -19 -7 -35 -4 -26
4 -30 1 -26 -17 2 -13 -5 -28 -22 -41 -24 -19 -26 -19 -39 -3 -11 15 -13 16
-14 2 0 -8 -11 -25 -24 -36 -21 -18 -27 -19 -54 -8 -16 7 -33 22 -36 33 -4 12
-14 19 -24 17 -9 -2 -21 -4 -26 -4 -5 -1 -2 -9 5 -18 13 -16 12 -17 -3 -5 -11
9 -18 10 -23 2 -8 -12 -25 -4 -25 13 0 8 3 8 9 -2 6 -9 11 -10 15 -2 4 6 0 14
-9 17 -9 4 -14 13 -11 21 4 9 2 11 -6 6 -7 -4 -19 -8 -28 -9 -27 -3 -45 -9
-52 -18 -8 -12 14 -35 29 -29 8 3 13 -3 13 -13 0 -16 2 -17 10 -4 6 10 10 11
10 3 0 -17 55 -44 74 -37 9 3 16 1 16 -5 0 -6 7 -11 15 -11 9 0 30 -7 46 -16
28 -14 32 -14 42 0 7 9 32 18 57 20 25 3 47 6 50 7 14 4 45 -4 57 -16 16 -16
17 -35 2 -35 -5 0 -8 4 -5 8 6 9 -16 8 -51 -3 -13 -4 -21 -11 -18 -15 7 -12
-49 2 -57 14 -5 7 -8 4 -8 -6 0 -10 5 -18 12 -18 6 0 9 -3 6 -6 -4 -3 -15 -1
-26 5 -15 8 -23 7 -32 -4 -7 -8 -17 -12 -23 -8 -6 3 -7 1 -3 -6 6 -9 11 -9 21
-1 10 9 16 7 24 -8 6 -11 7 -23 3 -27 -4 -5 -1 -5 6 -1 6 4 12 2 12 -5 0 -7
10 -9 25 -7 13 3 22 2 20 -3 -3 -4 -1 -10 5 -14 5 -3 10 -16 9 -28 0 -12 -3
-16 -6 -9 -2 6 -9 12 -14 12 -6 0 -7 -6 -4 -12 4 -7 0 -5 -8 5 -12 14 -16 15
-25 4 -9 -10 -6 -17 8 -30 27 -23 55 -21 80 5 12 13 20 17 20 9 0 -8 6 -11 17
-7 14 6 14 4 -2 -16 -11 -13 -16 -20 -11 -16 5 4 15 3 23 -3 7 -6 13 -8 13 -4
0 4 12 0 26 -10 15 -9 24 -12 20 -7 -3 6 -2 13 4 17 5 3 10 0 11 -7 2 -37 11
-63 29 -78 19 -17 19 -17 -7 -29 -14 -6 -23 -15 -19 -18 12 -12 37 -12 62 2
14 7 33 12 42 11 9 -2 22 4 29 13 9 12 15 13 23 5 19 -19 -5 -54 -37 -54 -26
0 -63 -25 -63 -41 0 -5 14 -7 30 -5 17 2 32 0 35 -4 7 -11 -25 -50 -41 -50 -8
0 -14 -5 -14 -11 0 -6 -7 -9 -15 -5 -9 3 -15 0 -15 -9 0 -17 -28 -33 -52 -30
-9 2 -22 -3 -29 -11 -9 -11 -8 -14 5 -14 9 0 16 -7 16 -15 0 -8 5 -15 11 -15
5 0 7 -5 4 -10 -4 -6 -11 -8 -16 -5 -5 4 -9 -1 -9 -9 0 -8 9 -17 19 -21 11 -3
18 -13 16 -23 -2 -9 -4 -19 -4 -22 -1 -3 -17 -5 -36 -6 -22 0 -32 3 -28 10 4
6 -1 5 -10 -3 -10 -8 -15 -16 -12 -19 3 -3 -1 -12 -8 -20 -9 -13 -9 -14 1 -8
7 4 12 1 12 -8 0 -9 3 -16 8 -16 4 0 13 -13 20 -30 17 -36 53 -36 59 0 2 13 6
26 8 28 8 8 45 -30 45 -45 0 -7 4 -13 10 -13 5 0 9 -5 7 -11 -1 -6 4 -14 12
-17 12 -4 13 8 8 72 l-7 77 23 -13 c30 -16 47 -18 47 -6 0 6 9 1 20 -12 11
-13 20 -18 20 -13 0 6 7 14 16 17 22 8 42 -20 36 -51 -3 -19 -7 -21 -18 -12
-8 6 -14 8 -14 3 0 -5 -13 -10 -30 -11 -52 -3 -60 -6 -60 -19 0 -7 4 -14 9
-16 5 -1 12 -25 16 -53 3 -27 8 -69 11 -92 7 -56 -9 -61 -46 -14 -34 42 -61
45 -77 9 -8 -19 -10 -20 -26 -4 -16 16 -17 16 -17 -8 0 -34 -45 -86 -70 -81
-14 3 -20 -2 -20 -15 0 -10 -5 -22 -10 -25 -6 -4 -7 -11 -4 -17 5 -8 1 -9 -11
-4 -15 5 -16 4 -5 -9 17 -20 6 -19 -15 2 -11 10 -19 13 -23 6 -5 -7 -12 -5
-22 5 -13 14 -12 15 2 10 10 -4 19 -1 22 8 3 8 -1 17 -9 20 -8 4 -12 10 -9 15
3 5 0 9 -6 9 -6 0 -10 6 -8 13 1 6 -3 22 -10 34 -7 12 -13 34 -14 48 -2 17
-10 28 -25 31 -31 8 -29 38 4 59 26 17 27 17 46 -6 l20 -24 -5 28 c-3 15 -1
27 4 27 5 0 6 5 3 10 -3 6 -1 10 4 10 6 0 11 9 11 21 0 12 -4 17 -11 13 -8 -4
-8 0 0 15 7 11 19 21 29 22 11 1 9 4 -8 10 -23 8 -22 8 7 6 26 -3 30 -1 22 9
-6 7 -8 18 -4 24 7 11 -16 10 -25 -2 -3 -4 -19 -9 -35 -12 -70 -13 -80 -16
-83 -26 -2 -6 -10 -3 -17 6 -8 12 -18 15 -31 10 -10 -4 -21 -7 -23 -6 -6 3
-21 -24 -21 -37 0 -7 7 -10 18 -7 14 5 15 4 2 -5 -9 -6 -18 -7 -24 -1 -6 6
-15 5 -23 -2 -16 -13 -103 -18 -103 -6 0 4 5 8 10 8 6 0 10 7 10 15 0 8 3 15
8 15 4 0 7 11 7 25 0 20 -5 25 -23 25 -25 0 -81 -27 -94 -45 -14 -19 -8 6 10
44 19 38 19 38 -2 33 -12 -3 -28 -11 -37 -18 -8 -8 -36 -16 -61 -18 -38 -4
-45 -2 -44 12 0 9 6 20 11 24 7 5 6 13 -1 25 -12 20 -35 24 -46 8 -5 -6 -8 -5
-8 3 0 7 12 18 28 25 15 6 30 16 33 21 4 5 12 5 18 2 6 -4 11 -3 11 2 0 6 14
15 32 21 17 6 39 18 48 26 10 9 27 17 39 20 11 2 27 7 34 12 6 4 14 8 17 9 21
4 49 21 49 29 1 6 5 10 10 10 16 0 34 22 27 34 -4 5 -13 8 -21 4 -9 -3 -22 0
-30 7 -12 10 -15 10 -15 -1 -1 -10 -3 -10 -10 2 -5 9 -45 37 -89 63 -67 39
-83 54 -102 93 -12 25 -22 52 -22 59 0 7 -4 11 -8 8 -8 -5 -32 24 -64 77 -11
19 -29 48 -40 65 -50 79 -49 78 -30 70 14 -5 16 -4 6 8 -9 11 -8 15 4 20 9 3
13 11 9 17 -4 7 -3 9 4 6 5 -4 8 -16 5 -27 -4 -16 0 -20 17 -20 16 0 21 4 16
16 -4 11 -2 15 8 11 10 -4 13 -1 9 9 -3 8 -11 13 -18 10 -8 -3 -16 2 -19 10
-3 8 -2 12 3 9 5 -3 12 -1 16 5 3 5 1 10 -6 10 -9 0 -9 3 0 14 9 11 9 15 -1
19 -7 2 -1 4 14 3 16 0 28 -4 28 -7 0 -3 16 -4 35 -3 22 2 35 -1 35 -9 0 -8 3
-8 9 2 5 7 27 14 49 15 22 1 38 -2 36 -6 -3 -4 0 -8 5 -8 6 0 11 3 11 8 0 4
11 7 24 7 14 0 22 -5 19 -12 -4 -9 1 -9 21 0 24 12 30 37 11 54 -4 5 -5 3 -2
-3 4 -7 -3 -14 -18 -16 -30 -6 -32 3 -5 20 11 7 20 18 19 25 0 9 -2 9 -6 0 -8
-21 -33 -16 -26 5 3 9 3 14 -2 10 -4 -4 -14 0 -22 10 -9 12 -12 13 -8 2 4 -11
-3 -15 -30 -15 -19 0 -35 3 -35 7 0 4 -6 8 -12 8 -7 0 -35 11 -62 25 -27 13
-52 22 -57 20 -4 -3 -10 -1 -14 5 -3 5 2 10 12 11 14 0 15 2 3 6 -8 4 -20 12
-27 19 -11 10 -10 12 6 11 11 0 17 -5 14 -11z m4195 -781 c6 0 12 -4 11 -8 0
-5 12 -19 27 -32 18 -15 24 -27 18 -36 -6 -11 -5 -11 9 0 15 12 17 12 11 -3
-4 -11 -2 -16 7 -14 8 2 13 -3 11 -10 -1 -8 2 -11 6 -8 5 3 17 -3 27 -14 10
-11 24 -20 31 -20 16 0 25 -28 19 -58 -2 -14 1 -22 10 -22 8 0 17 -5 21 -12 4
-7 3 -8 -4 -4 -7 4 -12 3 -12 -3 0 -5 6 -12 13 -14 6 -3 2 -6 -10 -6 -17 -1
-21 3 -16 16 5 13 2 15 -11 10 -12 -5 -15 -3 -11 6 4 6 0 4 -7 -5 -10 -11 -19
-14 -29 -7 -26 16 -32 9 -8 -11 13 -10 20 -19 16 -20 -4 0 -3 -10 4 -21 8 -15
8 -19 0 -15 -6 4 -11 0 -11 -9 0 -9 -4 -14 -9 -11 -5 3 -15 -2 -22 -11 -10
-12 -10 -14 -1 -9 7 4 12 2 12 -6 0 -7 10 -22 23 -33 26 -24 38 -57 12 -35 -8
7 -18 10 -22 6 -3 -3 0 -6 7 -6 7 0 11 -3 7 -6 -3 -4 4 -15 16 -26 12 -11 16
-17 10 -13 -7 3 -13 1 -13 -4 0 -6 6 -11 13 -11 6 0 4 -5 -6 -11 -11 -6 -16
-17 -12 -28 3 -11 -4 -26 -20 -41 -39 -36 -63 -34 -56 4 1 5 -4 4 -11 -2 -11
-8 -17 -6 -27 9 -11 19 -14 20 -30 5 -10 -9 -23 -16 -29 -16 -7 0 -12 -4 -12
-10 0 -5 -8 -10 -17 -10 -9 0 -13 -3 -10 -7 4 -3 -5 -14 -20 -22 -14 -9 -28
-28 -30 -41 -2 -14 -4 -30 -5 -37 -1 -7 -5 -10 -10 -7 -4 3 -8 0 -8 -5 0 -6
-9 -11 -19 -11 -10 0 -21 -7 -25 -15 -7 -19 31 -45 59 -41 11 2 22 0 25 -3 3
-4 16 -15 30 -24 13 -9 19 -17 12 -17 -9 0 -10 -5 -3 -19 9 -15 7 -20 -9 -24
-11 -3 -23 -1 -26 4 -3 5 -10 7 -15 3 -6 -3 -23 0 -40 6 -23 10 -32 10 -44 0
-10 -9 -15 -9 -15 -1 0 6 5 11 10 11 6 0 10 7 10 15 0 8 -4 15 -9 15 -5 0 -13
9 -16 21 -4 11 -9 18 -12 15 -3 -3 -19 4 -34 15 -23 16 -37 19 -62 13 -17 -4
-36 -7 -40 -6 -4 1 -18 -3 -30 -10 -12 -7 -26 -11 -30 -10 -5 1 -6 -1 -4 -5 3
-5 -1 -14 -9 -21 -11 -10 -14 -10 -14 0 0 9 -3 9 -8 2 -9 -14 -42 -26 -42 -15
0 5 -9 11 -21 14 -12 3 -18 3 -15 0 3 -4 2 -11 -3 -17 -21 -25 2 -67 66 -121
61 -52 76 -59 115 -56 25 3 34 -20 12 -32 -23 -14 -65 -17 -58 -5 11 17 -14 7
-39 -16 -14 -13 -27 -20 -29 -16 -2 5 -18 10 -36 12 -18 2 -33 8 -33 13 0 6
-5 15 -10 21 -5 7 -3 11 6 11 8 0 12 -4 9 -8 -2 -4 5 -13 16 -19 14 -8 20 -8
20 0 0 6 5 8 12 4 7 -4 8 -3 4 5 -4 6 -12 9 -17 6 -5 -4 -9 -2 -9 4 0 17 -54
68 -80 75 -21 6 -22 5 -7 -4 9 -6 17 -18 17 -25 0 -8 6 -15 13 -16 9 0 9 -2 0
-5 -7 -3 -9 -12 -6 -20 3 -8 1 -14 -5 -14 -5 0 -13 7 -16 16 -3 9 -12 14 -20
11 -8 -3 -17 -3 -20 1 -4 3 -14 7 -24 9 -25 5 -47 11 -47 13 0 9 -59 3 -67 -7
-11 -14 -28 -9 -28 8 0 6 6 7 13 3 9 -5 9 -4 0 6 -9 9 -9 17 -3 25 6 7 8 19 4
28 -8 21 -55 32 -65 15 -11 -17 -11 -28 0 -28 15 0 7 -34 -11 -48 -9 -7 -15
-18 -12 -26 3 -7 -2 -19 -11 -26 -8 -7 -15 -23 -15 -37 0 -23 2 -24 46 -17 41
6 46 4 51 -15 5 -19 21 -26 47 -22 5 1 6 -5 2 -14 -3 -8 -9 -22 -12 -30 -4
-10 0 -15 10 -15 8 0 23 -14 31 -30 9 -17 20 -28 25 -25 6 4 10 1 10 -6 0 -8
4 -8 13 -2 19 16 43 11 44 -8 1 -10 -3 -21 -8 -24 -5 -4 -7 -11 -4 -16 4 -5 2
-9 -3 -9 -19 0 13 -69 37 -80 13 -6 26 -8 29 -6 2 3 13 1 24 -5 18 -10 18 -12
4 -28 -20 -22 -21 -65 -2 -81 8 -6 12 -19 9 -27 -5 -12 -3 -14 7 -8 8 5 11 4
6 -3 -4 -6 -14 -8 -24 -5 -9 3 -14 3 -10 -2 7 -7 -14 -35 -27 -35 -15 0 -32
-27 -29 -48 2 -12 -1 -22 -7 -22 -6 0 -4 -7 5 -15 8 -8 22 -15 31 -15 11 0 15
-5 12 -14 -3 -8 -1 -16 5 -18 6 -2 4 -10 -6 -20 -9 -10 -16 -33 -16 -57 0 -23
-3 -41 -6 -41 -17 0 -60 72 -68 114 -5 26 -30 55 -49 56 -19 0 -73 46 -69 58
3 10 8 7 19 -7 8 -12 20 -21 26 -21 7 0 6 4 -3 10 -8 5 -15 21 -16 37 -1 15
-5 37 -7 48 -3 11 -6 24 -6 28 -1 5 -5 5 -11 2 -5 -3 -10 -2 -10 3 0 23 -51
-3 -74 -38 -14 -21 -31 -37 -38 -36 -42 7 -59 20 -65 46 -8 42 -53 25 -53 -19
0 -22 14 -28 25 -11 15 24 22 7 14 -31 -9 -38 -2 -71 8 -41 3 6 9 9 14 6 6 -3
16 0 24 6 12 10 15 9 15 -8 0 -12 5 -24 10 -27 6 -3 10 -15 10 -26 0 -10 -4
-20 -10 -20 -5 -1 -14 -2 -20 -3 -11 -1 -12 -5 -3 -47 7 -35 26 -47 49 -28 13
11 15 9 10 -12 -14 -69 -15 -93 -5 -105 6 -8 9 -15 5 -15 -3 -1 -15 -3 -26 -4
-11 -1 -24 -3 -30 -4 -5 0 -10 -6 -10 -12 0 -6 7 -8 15 -5 20 7 31 -20 16 -38
-15 -18 4 -26 42 -19 29 6 33 13 16 30 -15 15 -3 33 22 33 13 0 18 4 13 12 -4
6 -3 8 3 5 7 -5 4 -20 -8 -44 -17 -32 -17 -38 -4 -46 16 -9 21 -47 6 -47 -12
0 -32 26 -25 33 10 10 -40 -6 -59 -19 -16 -10 -22 -9 -37 4 -39 35 -52 44 -57
38 -3 -3 -12 2 -20 10 -21 21 -6 31 50 33 9 1 17 6 17 11 0 17 -73 7 -92 -12
-10 -10 -33 -18 -52 -18 -19 0 -38 -5 -42 -11 -4 -7 8 -10 37 -8 39 2 49 -2
87 -36 23 -22 48 -40 55 -41 27 -5 67 -24 67 -33 0 -5 -20 -8 -45 -6 -50 3
-55 -5 -24 -36 24 -24 22 -27 -12 -32 -18 -3 -24 -10 -24 -28 0 -22 -6 -25
-34 -20 -5 0 -8 15 -7 32 1 18 -3 33 -11 36 -7 3 -13 14 -13 24 0 10 -3 18 -7
17 -13 -4 -73 32 -73 43 0 6 -4 8 -9 4 -5 -3 -12 4 -16 15 -3 11 -12 20 -20
20 -7 0 -23 9 -36 20 -21 17 -22 21 -9 30 8 6 26 8 38 5 15 -4 21 -2 17 5 -3
5 -15 10 -27 10 -11 0 -31 9 -45 20 -14 11 -34 20 -44 20 -9 0 -19 5 -21 11
-3 9 -10 8 -25 -1 -15 -10 -30 -11 -59 -3 -50 12 -172 7 -190 -8 -8 -7 -29 -9
-48 -6 -20 3 -41 0 -53 -8 -10 -7 -30 -13 -43 -14 -40 0 -90 -13 -90 -22 0
-15 -30 -10 -36 6 -8 19 -34 20 -34 1 0 -8 -9 -24 -20 -37 -22 -27 -27 -20 -8
11 23 36 0 32 -36 -7 -40 -43 -44 -53 -18 -53 14 -1 14 -3 -6 -19 -15 -13 -18
-21 -10 -23 8 -3 5 -9 -9 -17 -19 -10 -22 -9 -16 5 5 14 3 14 -16 3 -11 -8
-21 -22 -21 -33 0 -16 2 -17 18 -5 16 13 16 12 1 -6 -9 -11 -20 -35 -24 -52
-3 -18 -11 -35 -16 -38 -5 -4 -9 -17 -9 -31 0 -14 -6 -24 -14 -24 -8 0 -16 -5
-18 -11 -2 -6 -19 -13 -38 -15 -19 -2 -39 -9 -44 -14 -6 -6 -18 -10 -27 -10
-11 0 -19 -9 -21 -22 -2 -19 -9 -23 -36 -23 -25 0 -31 -3 -26 -15 4 -8 8 -25
8 -38 1 -12 8 -25 17 -27 29 -10 32 -75 3 -75 -8 0 -14 -5 -14 -11 0 -5 4 -8
9 -5 5 4 7 -3 4 -14 -7 -26 -23 -15 -23 16 0 15 -4 23 -10 19 -6 -4 -8 -14 -5
-24 4 -12 -1 -17 -20 -19 -29 -2 -33 13 -6 27 18 10 36 51 22 51 -4 0 -16 -7
-27 -16 -10 -8 -14 -13 -7 -10 6 4 14 2 17 -3 4 -5 -5 -8 -19 -6 -20 2 -27 -3
-32 -22 -3 -16 -1 -28 8 -34 10 -6 11 -9 2 -9 -7 0 -13 -7 -13 -15 0 -8 -6
-15 -12 -15 -9 0 -8 -3 2 -9 8 -6 18 -7 24 -4 5 3 6 1 2 -5 -3 -6 0 -14 7 -19
17 -10 29 -42 21 -54 -3 -6 -11 -5 -20 2 -8 6 -14 8 -14 3 0 -5 -5 -2 -10 6
-6 11 -27 15 -69 15 -33 0 -57 -3 -55 -7 3 -5 0 -8 -5 -8 -6 0 -11 -7 -11 -15
0 -8 -9 -19 -19 -25 -26 -14 -43 13 -30 48 12 30 5 41 -24 36 -12 -2 -16 -1
-9 2 10 4 10 9 1 20 -9 11 -14 10 -30 -9 -10 -12 -19 -20 -20 -17 -4 19 -9 57
-9 70 0 8 0 24 1 35 0 11 -5 21 -10 23 -7 2 -7 12 0 28 11 31 12 71 1 78 -5 3
-8 -7 -7 -22 2 -15 0 -19 -2 -9 -2 9 -8 17 -13 17 -5 0 -11 8 -13 18 -3 9 -5
2 -6 -15 0 -18 -5 -33 -9 -33 -11 0 -9 83 1 91 5 4 3 16 -4 27 -13 21 -14 20
-24 -11 -7 -19 -8 -39 -3 -50 5 -10 7 -30 5 -45 -4 -27 -4 -27 -6 3 -1 17 -5
36 -10 44 -6 9 -6 24 0 38 5 14 5 43 -2 73 -9 43 -14 50 -35 50 -17 0 -24 6
-24 19 0 25 -37 32 -67 13 -20 -12 -23 -12 -23 0 0 8 6 23 14 33 12 16 10 21
-13 40 -14 12 -37 28 -49 34 l-24 13 22 15 21 15 -20 15 c-22 15 -25 62 -6 92
5 10 4 12 -3 7 -8 -5 -12 1 -12 18 0 14 5 28 11 31 6 4 8 23 4 49 -5 38 -5 40
10 22 15 -19 15 -19 15 5 0 14 -6 31 -12 38 -11 11 -10 13 4 8 22 -8 28 20 12
53 -6 14 -14 39 -15 55 -4 34 -42 70 -65 61 -8 -3 -13 -10 -9 -15 3 -5 0 -13
-6 -17 -9 -5 -10 0 -6 15 4 17 2 21 -9 17 -8 -3 -14 1 -14 9 0 8 -6 12 -13 9
-8 -3 -25 11 -41 34 -15 22 -38 50 -51 62 -14 13 -25 29 -25 37 0 18 -32 53
-48 53 -12 0 -12 -3 -2 -15 11 -13 10 -14 -6 -9 -10 4 -28 18 -40 32 -16 19
-26 23 -40 17 -10 -4 -23 -7 -29 -6 -5 2 -18 4 -28 6 -9 2 -30 13 -46 24 -16
12 -32 21 -36 21 -3 0 -21 11 -39 25 -18 14 -40 25 -48 25 -9 0 -26 9 -39 20
-21 17 -22 21 -9 30 13 9 13 12 -4 25 -10 8 -24 16 -30 18 -6 2 -8 8 -4 12 9
9 88 -24 88 -37 0 -16 44 -26 62 -14 13 8 21 7 30 -2 9 -9 8 -12 -6 -12 -15 0
-16 -3 -6 -15 9 -10 9 -15 1 -15 -21 0 -11 -21 17 -33 38 -17 85 -49 95 -64
12 -20 29 -5 22 20 -2 12 -2 16 1 10 6 -14 24 -18 24 -5 0 4 -27 21 -60 37
-63 32 -80 56 -32 47 25 -5 26 -4 12 13 -14 17 -13 17 10 10 14 -4 29 -11 35
-16 12 -12 28 -11 20 1 -12 19 12 10 41 -15 16 -14 35 -23 41 -20 7 3 20 8 28
11 8 3 15 1 15 -4 0 -6 -9 -13 -19 -17 -20 -6 -19 -35 1 -35 5 0 6 5 3 10 -3
6 -2 10 3 10 6 0 13 -8 16 -17 14 -35 23 7 14 65 -12 85 -16 99 -34 117 -9 9
-13 19 -10 23 4 3 10 2 14 -3 10 -14 52 -37 52 -28 0 4 -9 26 -21 50 -19 40
-49 59 -49 31 0 -6 -2 -9 -5 -7 -11 12 9 49 26 49 22 0 24 12 8 42 -10 19 -9
20 16 14 l27 -7 -7 51 c-7 54 1 62 30 30 17 -19 19 -19 36 -4 15 14 21 14 34
4 8 -7 15 -21 15 -31 0 -11 7 -19 17 -19 13 0 14 -3 6 -11 -7 -7 -9 -25 -6
-42 4 -21 3 -28 -5 -23 -9 5 -12 -11 -12 -58 0 -49 5 -74 22 -102 19 -32 20
-37 5 -31 -19 7 -20 1 -17 -93 1 -30 6 -63 12 -74 6 -11 10 -41 9 -68 0 -26 3
-48 7 -48 4 0 8 -17 10 -37 3 -43 23 -69 46 -60 18 7 22 47 5 47 -5 0 -7 -4
-4 -10 3 -5 1 -10 -4 -10 -14 0 -14 11 -1 46 10 26 11 26 24 8 8 -10 12 -23 9
-29 -4 -6 -2 -6 3 -2 5 5 10 22 10 38 2 51 5 65 11 52 12 -31 22 -8 25 55 3
65 3 66 14 32 l11 -35 7 60 c10 80 16 96 26 70 10 -23 13 8 15 135 1 90 11
127 34 133 16 4 17 11 10 63 -4 33 -4 60 1 62 4 2 6 17 3 34 -4 28 -3 30 11
15 9 -8 16 -23 16 -31 0 -11 9 -16 30 -16 30 0 43 -23 18 -33 -9 -4 -8 -6 2
-6 19 -1 42 -72 35 -109 -3 -15 -2 -21 1 -14 13 27 24 9 24 -39 0 -31 4 -48
10 -44 5 3 10 -1 10 -9 0 -9 4 -16 8 -16 5 0 8 -44 7 -97 -1 -54 3 -107 9
-118 5 -11 9 -23 9 -26 -9 -30 -13 -160 -5 -155 5 3 7 -7 5 -22 -4 -21 -2 -24
6 -12 6 8 11 22 11 30 0 9 10 24 21 34 22 18 22 18 16 -13 -4 -16 -16 -40 -27
-51 -11 -11 -20 -25 -20 -31 0 -6 -6 -9 -14 -6 -8 3 -19 0 -25 -7 -13 -16 -4
-27 15 -19 23 9 16 -31 -11 -63 -17 -20 -25 -24 -25 -13 0 8 9 25 20 37 17 18
18 22 5 22 -8 0 -15 -6 -16 -12 0 -7 -4 -4 -9 7 -7 17 -9 16 -9 -9 -1 -26 -3
-28 -30 -23 -32 7 -41 -4 -41 -51 0 -21 -2 -24 -10 -12 -5 8 -7 25 -4 36 4 16
0 24 -15 29 -12 3 -18 11 -15 17 4 7 2 8 -4 4 -7 -4 -12 -20 -12 -36 0 -19 -6
-31 -18 -34 -20 -7 -25 -34 -9 -53 5 -7 6 -13 1 -13 -5 0 -2 -5 6 -10 8 -5 10
-10 4 -10 -6 0 -11 -6 -11 -13 0 -9 9 -12 26 -9 14 3 23 1 19 -2 -3 -4 -10 -7
-14 -6 -12 2 -33 -57 -27 -78 3 -14 11 -18 24 -15 24 7 24 -8 0 -34 -19 -20
-26 -67 -9 -57 5 3 6 10 3 15 -3 5 1 6 9 3 9 -3 16 -1 16 5 0 6 4 11 10 11 5
0 7 -8 4 -17 -4 -12 2 -9 17 8 30 33 61 46 51 21 -14 -36 -39 -61 -65 -67 -30
-8 -36 -25 -9 -26 9 0 29 -2 45 -3 15 -1 27 2 27 6 0 15 -5 23 -13 20 -10 -3
10 35 23 43 6 3 10 15 10 25 0 10 7 25 15 33 13 13 13 16 -1 21 -13 5 -14 9
-4 21 7 8 15 13 19 11 3 -2 14 7 24 20 10 14 13 24 7 24 -21 0 -4 25 18 26 12
1 22 0 22 -1 0 -8 -30 -71 -36 -78 -15 -14 -13 -39 2 -33 8 3 14 1 14 -3 0 -5
3 -18 6 -28 6 -16 5 -15 -9 2 -8 11 -19 17 -23 13 -4 -4 4 -16 17 -27 26 -21
51 -15 76 18 11 14 12 13 13 -6 0 -12 -9 -27 -20 -33 -11 -6 -20 -17 -20 -24
0 -8 -7 -16 -15 -20 -16 -6 -21 -26 -6 -26 5 0 17 7 25 16 9 8 20 12 26 9 5
-3 10 1 10 9 0 23 13 19 35 -10 17 -23 20 -24 26 -7 6 15 9 12 23 -17 8 -19
16 -30 16 -25 0 6 9 0 20 -13 19 -23 37 -14 26 13 -3 9 1 15 10 15 8 0 12 -5
9 -10 -6 -9 18 -41 30 -40 20 1 26 -1 22 -7 -3 -5 6 -9 19 -9 19 -2 24 3 24
23 0 13 5 33 11 44 5 11 11 38 11 60 0 33 7 48 39 80 21 21 43 39 50 39 6 0 9
7 5 15 -3 10 1 15 11 15 9 0 13 3 10 7 -4 3 -2 12 3 18 16 20 -11 60 -40 60
-26 0 -34 20 -17 42 5 7 7 24 5 38 -3 14 -1 28 3 31 5 3 9 27 9 54 0 28 5 50
12 52 8 3 5 11 -8 24 -19 19 -19 21 -2 39 10 10 18 27 18 37 0 10 5 18 10 18
6 0 10 14 10 30 0 17 5 30 10 30 6 0 10 -6 10 -14 0 -38 21 -20 36 31 22 72
23 72 40 49 13 -19 14 -19 14 7 0 15 5 27 10 27 6 0 15 11 21 24 7 14 17 22
25 19 10 -3 14 3 14 20 0 27 30 87 43 87 4 0 7 -8 7 -17 0 -15 2 -14 15 3 8
11 15 14 15 7 0 -7 9 -13 20 -13 22 0 26 -16 10 -40 -7 -11 -10 -11 -10 -2 0
7 -4 10 -10 7 -5 -3 -10 -15 -10 -26 0 -11 5 -17 10 -14 6 3 10 2 10 -4 0 -5
-4 -13 -10 -16 -5 -3 -10 -17 -10 -30 0 -13 -4 -26 -9 -29 -5 -3 -12 -23 -16
-43 -8 -45 -25 -70 -35 -52 -6 8 -9 8 -14 0 -4 -6 -3 -11 3 -11 6 0 8 -22 6
-55 -2 -30 0 -55 5 -55 4 0 -2 -19 -14 -42 -16 -32 -21 -55 -18 -91 3 -40 0
-53 -22 -82 -15 -19 -23 -35 -17 -35 5 0 7 -10 3 -22 -5 -21 -4 -22 12 -9 15
13 19 13 27 0 5 -8 7 -26 5 -41 -6 -32 5 -35 35 -10 46 36 60 54 56 67 -4 9 1
11 14 8 14 -4 19 0 19 15 0 13 11 26 28 34 15 7 25 17 24 22 -2 4 9 22 25 39
l28 31 -28 -18 c-29 -18 -29 -18 -22 5 11 35 97 156 95 134 -1 -11 -2 -29 -1
-40 1 -18 3 -18 24 6 29 34 77 55 77 34 0 -8 -9 -23 -19 -32 -16 -13 -17 -19
-8 -35 10 -15 9 -22 -4 -31 -9 -7 -20 -23 -24 -36 -4 -14 -17 -33 -29 -43
l-21 -17 23 -1 c28 0 28 -16 0 -31 -36 -19 -64 -49 -47 -49 8 0 19 4 25 9 5 5
20 12 34 16 24 7 24 7 5 -9 -19 -15 -19 -15 12 -16 17 0 34 -4 38 -9 3 -6 23
-3 49 6 37 14 43 20 40 40 -3 18 0 23 16 23 12 0 18 -4 15 -10 -3 -5 2 -10 12
-11 15 0 14 -2 -4 -11 -13 -6 -23 -15 -23 -19 0 -14 -66 -37 -102 -36 -19 0
-41 -5 -49 -11 -8 -7 -23 -19 -34 -28 -19 -14 -18 -15 15 -8 19 4 45 13 58 22
18 11 41 13 110 8 70 -5 83 -4 67 6 -19 12 -19 12 5 18 16 4 26 14 28 28 4 26
10 27 31 8 9 -7 30 -18 48 -24 28 -9 33 -8 38 9 4 12 15 19 31 19 14 0 22 -4
19 -10 -3 -5 -15 -10 -26 -10 -10 0 -19 -4 -19 -10 0 -19 67 -10 104 15 28 19
36 21 36 9 0 -9 -5 -12 -12 -8 -9 5 -10 4 -3 -4 11 -11 68 -4 60 8 -6 10 33
45 41 37 6 -6 34 16 34 27 0 10 -38 7 -44 -3 -3 -5 -22 -11 -41 -13 -45 -5
-58 23 -24 53 30 26 49 25 42 -2 -6 -22 -6 -22 25 1 36 27 40 32 15 23 -9 -4
-14 -2 -11 3 3 5 3 17 -1 27 -6 16 -10 15 -39 -12 -17 -17 -36 -31 -42 -31
-16 0 -12 20 5 26 16 7 21 44 6 44 -16 0 -20 27 -6 53 11 22 11 28 -1 38 -11
9 -15 6 -20 -18 -3 -16 -14 -40 -25 -53 l-19 -25 -1 25 c-1 14 0 38 1 54 1 18
-2 26 -9 21 -8 -4 -7 2 1 19 6 14 14 26 18 26 4 0 12 11 18 25 9 19 9 24 -1
22 -6 -1 -15 -10 -19 -20 -4 -9 -16 -20 -25 -24 -10 -4 -22 -11 -26 -17 -6 -7
-7 -4 -3 6 3 10 1 20 -4 23 -6 4 -6 15 2 28 10 19 9 20 -4 9 -13 -10 -17 -10
-22 4 -5 13 -9 14 -21 4 -18 -15 -20 -1 -3 35 10 21 9 27 -7 39 -14 10 -18 26
-18 70 0 39 -4 59 -13 63 -8 3 -14 14 -14 24 0 16 -3 18 -19 9 -27 -14 -28
-13 -33 15 -3 14 1 30 8 36 8 6 14 20 14 30 0 10 5 21 12 25 7 4 8 3 4 -4 -4
-7 -2 -12 5 -12 6 0 9 8 6 19 -3 15 -1 18 11 14 10 -4 13 -2 8 5 -3 6 -1 14 5
18 8 4 9 3 5 -4 -4 -7 -2 -12 5 -12 7 0 4 -7 -7 -15 -12 -9 -14 -14 -6 -15 8
0 10 -5 6 -12 -6 -10 -4 -10 8 0 14 11 15 7 13 -33 -2 -26 -9 -53 -16 -61 -6
-8 -7 -14 -3 -14 5 0 15 9 22 21 10 16 16 18 27 9 8 -6 11 -18 8 -26 -4 -12 0
-14 20 -9 18 5 28 2 36 -12 6 -10 11 -12 11 -5 0 6 7 12 16 12 8 0 12 5 9 10
-4 6 -12 7 -18 4 -8 -5 -8 -3 0 6 7 8 23 15 35 17 13 2 18 0 12 -4 -13 -9 -12
-49 1 -60 4 -5 5 -2 0 6 -6 10 -4 12 4 7 19 -12 7 -31 -19 -31 -17 0 -25 -7
-31 -27 -8 -32 3 -43 29 -29 11 6 22 7 26 4 3 -3 6 -1 6 6 0 7 5 9 10 6 6 -3
10 1 10 9 0 9 7 16 15 16 8 0 18 0 22 1 4 0 9 -5 12 -12 2 -7 -1 -9 -8 -5 -6
4 -11 4 -10 -1 4 -21 -3 -35 -32 -67 -18 -21 -29 -43 -26 -53 3 -14 7 -10 17
14 6 18 16 30 21 27 5 -3 9 2 9 12 0 12 6 15 21 11 16 -4 18 -3 9 8 -9 11 -7
12 12 8 16 -3 19 -2 10 5 -11 7 -11 10 2 15 9 4 17 2 17 -3 3 -19 4 -25 10
-35 3 -5 0 -21 -7 -35 -8 -14 -14 -20 -14 -15 -1 6 -8 -2 -16 -18 -8 -15 -12
-32 -9 -37 10 -16 35 -12 35 5 0 8 9 15 20 15 14 0 19 -6 17 -21 -2 -24 29
-35 50 -18 7 6 16 8 21 5 18 -11 7 29 -13 45 -18 16 -18 17 -1 34 14 14 15 20
4 26 -10 7 -10 9 2 10 8 0 4 4 -10 8 -18 5 -25 14 -25 31 0 18 -5 25 -20 25
-15 0 -19 6 -18 25 l3 25 -20 -24 c-11 -13 -20 -18 -20 -12 0 6 -4 11 -10 11
-5 0 -7 -8 -4 -17 5 -17 5 -17 -6 0 -12 19 -5 57 11 57 15 0 10 19 -11 40 -12
12 -18 25 -15 30 8 13 -1 13 -25 0 -15 -8 -19 -5 -22 15 -3 13 0 29 6 36 8 8
8 13 -1 16 -7 3 -13 12 -13 20 0 11 -7 14 -24 9 -17 -4 -26 -1 -30 10 -5 12 0
15 21 12 16 -2 28 2 31 11 3 8 0 11 -7 7 -6 -4 -11 -2 -11 4 0 6 -4 8 -10 5
-7 -4 -7 3 0 20 12 32 12 38 1 31 -5 -3 -11 0 -14 8 -4 9 -17 13 -34 11 -33
-3 -57 12 -60 38 0 10 1 16 4 13 3 -3 19 2 35 10 17 9 39 14 49 11 11 -3 17
-1 14 3 -3 5 -1 11 5 15 6 4 8 10 5 15 -3 5 15 30 40 56 25 27 45 54 45 60 0
9 6 9 24 1 13 -7 22 -15 19 -19 -2 -5 -9 -5 -15 -2 -8 5 -9 -3 -4 -27 5 -19 8
-39 9 -44 1 -18 69 -10 83 10 20 27 17 42 -11 61 -30 19 -32 34 -6 41 10 3 21
15 24 28 2 13 1 23 -2 22 -13 -3 -71 34 -81 52 -9 18 -7 19 26 16 20 -2 40 -7
43 -12 11 -15 33 -14 46 3 8 12 14 14 19 6 10 -17 26 -15 26 2 0 14 27 15 48
3 4 -3 12 1 19 8 19 20 -12 43 -37 27 -10 -6 -29 -9 -42 -6 -13 3 -28 6 -35 6
-7 1 -14 7 -17 14 -3 8 -13 11 -23 8 -14 -4 -14 -3 2 7 24 16 55 22 55 11 0
-4 10 -13 23 -21 17 -10 19 -11 10 0 -15 15 -17 33 -4 25 5 -3 14 1 21 9 10
12 9 16 -3 21 -23 8 -10 31 16 30 12 -1 25 2 28 7 3 4 15 9 27 10 15 1 18 5
11 13 -13 15 0 46 17 40 7 -3 15 0 18 7 4 7 5 0 3 -15 -6 -39 8 -53 52 -54 22
0 38 3 36 7 -3 4 6 14 19 23 21 13 26 13 36 1 8 -10 18 -11 35 -5 18 7 25 5
29 -6 3 -9 4 -20 0 -25 -3 -5 0 -9 5 -9 13 0 13 6 5 38 -4 13 -12 21 -19 18
-8 -3 -16 2 -19 10 -3 8 -1 14 4 14 16 0 12 17 -6 24 -10 4 -13 2 -8 -7 5 -9
4 -9 -7 1 -11 10 -9 15 9 28 12 8 19 20 16 26 -5 7 -2 8 7 2 27 -17 40 -14 29
7 -12 21 -25 27 -15 7 4 -7 1 -6 -7 2 -16 19 -53 27 -42 9 5 -8 3 -10 -6 -4
-10 6 -12 4 -6 -10 5 -15 4 -16 -9 -5 -13 11 -13 15 -3 22 10 6 10 10 -2 18
-10 6 -11 10 -3 10 7 0 10 6 7 14 -7 18 12 30 22 15 5 -8 3 -9 -6 -4 -8 5 -11
4 -7 -2 4 -6 18 -8 32 -5 16 3 25 0 25 -9 0 -7 3 -9 6 -6 4 4 20 -3 36 -14 16
-12 35 -19 42 -16 8 3 22 0 32 -7 25 -18 84 -26 84 -12 0 6 5 4 10 -4 6 -10
10 -11 10 -2 0 6 11 12 25 12 34 0 32 18 -2 22 -16 2 -27 8 -26 13 1 6 -8 12
-19 12 -12 1 -24 7 -28 14 -4 6 -13 8 -19 5 -7 -4 -10 -2 -9 5 2 7 -1 13 -7
14 -20 1 -34 16 -29 30 3 8 9 14 12 13 22 -2 20 5 -7 28 -17 14 -28 30 -25 36
3 5 12 1 20 -9 9 -13 13 -14 14 -4 0 8 7 11 19 8 14 -3 19 0 18 13 -1 10 -5
16 -9 14 -4 -3 -8 -1 -8 5 0 5 4 12 9 15 13 8 61 -11 61 -24 0 -6 -5 -8 -12
-4 -7 5 -8 3 -4 -5 5 -7 14 -10 21 -7 7 2 18 -1 24 -7 8 -8 11 -6 11 9 0 12 3
15 8 7 4 -6 14 -13 22 -15 16 -3 40 -23 40 -33 0 -4 7 -13 15 -21 13 -14 15
-13 16 3 0 10 3 13 6 6 2 -7 9 -13 14 -13 6 0 7 5 3 11 -4 7 2 6 17 -1 17 -10
24 -10 27 -1 2 6 7 9 12 6 4 -3 10 2 14 10 3 8 0 14 -6 12 -7 -1 -12 3 -13 10
0 18 -12 25 -21 12 -5 -8 -3 -10 6 -4 9 5 11 4 6 -4 -8 -13 -15 -9 -60 32 -32
28 -7 42 39 20 37 -17 37 -17 55 5 11 13 16 31 13 44 -3 13 -1 19 4 13 4 -5
14 -10 21 -10z m-3746 -534 c-4 -10 -1 -13 9 -9 8 3 20 -1 27 -8 7 -8 11 -14
8 -14 -3 0 5 -11 18 -25 24 -26 29 -52 13 -72 -5 -7 -6 -13 -1 -13 5 0 -2 -7
-15 -16 -18 -13 -20 -18 -10 -25 11 -7 11 -9 -1 -9 -9 0 -22 6 -29 13 -11 10
-12 8 -6 -12 5 -16 4 -21 -4 -16 -7 4 -18 2 -26 -5 -9 -8 -15 -8 -20 0 -3 6
-11 8 -16 5 -5 -4 -9 -2 -9 4 0 6 -7 8 -15 5 -12 -5 -13 -10 -4 -20 8 -10 8
-14 0 -14 -6 0 -11 -5 -11 -11 0 -5 4 -8 9 -5 5 4 7 -3 4 -13 -4 -16 -9 -18
-28 -11 -18 7 -28 4 -46 -16 -25 -27 -40 -24 -18 3 13 16 12 17 -3 4 -10 -7
-18 -10 -18 -6 0 4 -7 2 -15 -5 -8 -7 -15 -21 -15 -32 0 -10 -6 -21 -14 -24
-9 -3 -12 -12 -9 -21 5 -13 3 -14 -12 -6 -10 6 -26 8 -36 6 -11 -3 -27 1 -37
8 -14 11 -15 11 -4 -1 6 -8 12 -19 12 -24 0 -6 -7 -2 -15 8 -8 10 -12 23 -9
27 10 16 13 50 4 44 -5 -3 -13 2 -18 11 -5 9 -12 15 -15 15 -4 -1 -7 1 -7 4 0
3 3 5 6 4 8 -1 44 42 44 53 0 4 6 8 13 8 7 0 18 9 25 20 7 11 19 20 27 20 18
0 19 11 3 29 -11 11 -10 13 5 8 10 -4 17 -1 17 5 0 9 3 9 12 0 7 -7 17 -8 29
-1 15 8 17 6 12 -7 -5 -12 -3 -15 6 -9 7 4 16 3 20 -3 4 -6 10 -5 18 3 10 11
8 19 -8 39 -12 16 -18 35 -16 53 3 24 8 28 31 25 19 -2 26 1 21 8 -5 9 -1 9
15 0 18 -10 21 -9 15 1 -6 9 -2 11 14 6 14 -3 25 0 32 12 14 21 49 23 41 2z
m918 -71 c0 -11 -13 -34 -30 -52 -32 -33 -32 -33 -35 -93 -2 -22 -3 -46 -4
-52 -1 -7 -7 -12 -13 -10 -9 1 -15 -18 -18 -63 -5 -55 -7 -61 -14 -37 -8 28
-33 33 -28 5 3 -20 -35 -58 -53 -52 -16 7 -21 44 -6 44 15 0 25 61 11 70 -9 6
-9 9 0 15 8 5 18 1 27 -10 12 -18 13 -18 13 3 0 11 7 25 16 30 13 8 15 17 7
53 -5 24 -6 55 -3 69 l6 25 8 -23 c4 -13 10 -21 13 -19 9 10 -8 47 -23 47 -8
0 -14 9 -14 19 0 23 16 36 25 21 4 -6 10 -8 15 -5 14 9 22 -13 11 -33 -6 -11
-8 -22 -4 -25 7 -7 67 53 76 76 9 23 17 21 17 -3z m365 -122 l-7 -53 26 24
c29 27 43 23 27 -8 -7 -11 -9 -32 -5 -46 3 -14 2 -31 -3 -38 -16 -19 -21 -76
-13 -142 4 -33 3 -75 -1 -93 -8 -36 4 -52 20 -25 8 14 10 15 11 3 0 -24 -13
-36 -37 -36 -13 0 -22 6 -21 16 3 34 -3 48 -21 53 -14 3 -18 11 -14 26 4 15 1
21 -11 21 -9 0 -16 6 -16 14 0 8 -5 16 -12 18 -12 4 -13 85 -2 123 4 11 3 17
-1 13 -11 -11 -35 11 -35 32 0 10 7 23 15 30 8 7 20 30 25 51 6 22 17 39 24
39 8 0 19 7 26 15 24 29 32 16 25 -37z m-925 -7 c0 7 3 9 6 6 10 -10 -17 -38
-29 -30 -5 3 -7 1 -4 -5 4 -5 4 -18 1 -27 -5 -13 -9 -14 -15 -4 -12 20 -22
-35 -14 -78 4 -21 12 -47 18 -58 10 -19 18 -75 11 -75 -2 0 -10 16 -18 35 -8
19 -22 35 -30 35 -9 0 -19 14 -24 33 -6 22 -15 33 -30 35 -20 3 -27 13 -23 35
0 4 -3 7 -9 7 -18 0 -10 42 12 61 24 22 32 23 57 9 15 -7 20 -4 30 16 11 25
12 25 36 10 17 -11 25 -13 25 -5z m-285 -52 c-4 -36 18 -35 23 0 4 24 27 24
27 0 0 -8 4 -20 9 -27 6 -10 11 -9 22 5 14 19 17 14 17 -29 0 -10 5 -18 11
-18 6 0 12 -16 14 -36 2 -32 0 -36 -18 -31 -12 3 -20 0 -20 -8 0 -8 -13 -12
-40 -10 -23 1 -40 -2 -40 -8 0 -7 -4 -7 -12 1 -18 18 -23 15 -23 -13 0 -14 3
-25 7 -25 3 0 4 -9 1 -20 -4 -14 -11 -19 -23 -15 -12 4 -22 -1 -28 -12 -10
-17 -11 -17 -30 0 -18 16 -20 16 -26 2 -3 -9 -2 -13 4 -10 5 3 17 -10 27 -29
9 -20 20 -36 25 -36 4 0 5 -7 1 -17 -5 -13 -2 -15 16 -10 20 5 22 3 18 -19 -3
-18 0 -24 14 -24 11 0 19 -5 19 -11 0 -7 -7 -8 -17 -4 -10 4 -28 10 -40 12
-17 4 -23 13 -23 31 0 26 -45 76 -60 67 -12 -7 -58 15 -64 31 -3 8 0 14 6 14
6 0 5 6 -3 17 -12 14 -12 16 0 9 9 -6 12 -5 9 5 -3 8 -11 13 -17 11 -7 -1 -10
2 -6 8 3 5 1 10 -5 10 -7 0 -6 5 2 14 11 12 14 12 21 0 10 -17 39 -18 55 -2 8
8 15 8 25 0 19 -16 27 -5 27 36 0 34 1 35 19 18 11 -10 25 -16 32 -14 14 5 21
55 9 63 -5 3 -7 12 -3 20 3 8 1 15 -4 15 -5 0 -9 10 -8 23 1 13 8 21 17 19 11
-2 14 5 12 23 -2 21 0 24 11 15 8 -7 12 -24 10 -41z m1725 -69 c-6 -11 -16
-20 -22 -20 -6 0 -5 -6 3 -17 12 -14 12 -15 1 -9 -11 7 -12 4 -3 -13 7 -11 14
-21 17 -21 3 0 2 5 -1 10 -3 6 -3 10 2 10 15 0 28 -15 31 -34 3 -17 1 -18 -11
-8 -12 10 -17 6 -31 -28 -9 -22 -20 -40 -26 -40 -5 0 -10 -9 -10 -20 0 -11 -6
-23 -14 -26 -7 -3 -34 -34 -60 -70 -25 -35 -51 -64 -57 -64 -6 0 -9 -7 -5 -15
5 -13 -5 -20 -19 -12 -2 1 -11 -7 -19 -18 -14 -19 -15 -17 -10 23 3 26 0 50
-6 57 -9 11 -8 21 2 42 53 105 68 128 82 125 8 -1 17 7 21 18 4 11 10 18 14
15 12 -7 46 35 66 82 10 23 22 40 27 37 4 -3 8 0 8 5 0 6 7 11 15 11 13 0 14
-4 5 -20z m-1994 -228 c1 -7 2 -13 4 -14 3 -4 9 -31 12 -53 2 -11 -3 -20 -11
-20 -25 0 -23 -23 4 -42 14 -10 39 -28 55 -40 31 -25 40 -28 40 -13 0 6 -7 10
-15 10 -9 0 -15 9 -15 21 0 12 5 19 13 16 6 -2 11 -10 10 -16 -2 -6 0 -10 5
-9 4 1 17 -3 30 -10 12 -7 22 -10 22 -8 0 3 11 1 25 -4 29 -11 33 -3 8 16 -10
7 -18 18 -18 26 0 7 -21 20 -47 29 -79 26 -111 68 -58 76 29 4 103 -45 96 -64
-8 -19 38 -46 66 -39 13 3 17 3 11 0 -17 -7 8 -34 32 -34 22 0 55 -18 55 -31
0 -5 -10 -13 -21 -17 -20 -8 -20 -9 -4 -26 10 -9 16 -18 14 -20 -2 -2 -37 3
-78 11 -60 13 -78 13 -97 2 -35 -18 -31 -41 5 -36 17 3 34 8 39 11 5 3 16 -2
23 -11 13 -15 11 -16 -11 -10 -25 6 -50 -3 -53 -19 -1 -5 -6 -7 -12 -5 -5 2
-28 5 -51 6 -37 2 -84 31 -84 52 0 3 3 3 7 0 3 -4 12 -2 19 4 9 8 18 5 33 -10
26 -26 56 -28 47 -5 -4 9 -1 23 5 31 17 20 2 29 -23 14 -19 -12 -24 -11 -39 8
-10 12 -20 22 -24 21 -3 0 -21 14 -40 31 l-34 32 19 24 c13 16 17 32 12 46 -4
12 -6 31 -6 42 1 11 2 26 3 33 1 16 25 10 27 -6z m256 -494 c-6 -6 -8 -17 -5
-24 3 -8 1 -14 -3 -14 -5 0 -15 -13 -22 -28 -6 -16 -20 -37 -30 -48 -9 -11
-18 -24 -19 -29 0 -6 -4 -28 -8 -50 -4 -22 -8 -52 -7 -68 0 -19 -4 -25 -12
-18 -8 7 -12 -5 -14 -41 -2 -28 0 -54 5 -57 4 -3 19 -27 33 -53 13 -27 28 -48
32 -48 5 0 8 -6 8 -14 0 -8 9 -18 20 -21 11 -3 25 -15 30 -25 6 -11 16 -17 25
-14 17 7 48 -14 40 -26 -3 -5 0 -12 6 -16 7 -4 9 -3 5 4 -7 12 28 27 43 18 5
-3 29 0 54 8 25 8 48 12 50 9 3 -2 17 12 32 31 15 20 34 36 41 36 8 0 14 5 14
11 0 5 5 7 10 4 6 -3 10 0 10 8 0 8 16 41 35 73 19 32 35 66 35 75 0 10 5 21
10 24 17 11 11 25 -16 35 -22 9 -25 15 -22 47 2 30 9 41 37 57 21 12 31 15 26
6 -6 -9 -4 -11 4 -5 25 15 71 11 89 -8 13 -15 17 -38 17 -106 0 -77 -3 -93
-33 -153 -67 -134 -176 -190 -371 -190 -42 0 -87 5 -101 10 -14 5 -29 11 -35
12 -66 15 -156 100 -202 190 -25 48 -28 66 -28 145 1 73 5 98 23 133 13 23 34
47 47 52 13 5 34 23 47 40 15 20 29 30 40 26 10 -2 16 -1 13 3 -2 5 10 8 27 9
22 0 28 -2 20 -10z m-543 -139 c8 -23 7 -30 -7 -38 -16 -9 -16 -11 -1 -26 14
-15 18 -15 30 -2 10 11 22 12 47 5 44 -12 62 -5 62 26 0 51 8 54 116 44 8 -1
8 -13 3 -38 -9 -38 -3 -155 8 -173 3 -5 7 -26 9 -45 2 -18 8 -40 14 -46 5 -7
8 -15 5 -17 -2 -3 9 -20 26 -38 17 -19 28 -39 25 -47 -3 -8 4 -14 17 -16 12
-2 20 -6 17 -9 -7 -9 30 -49 45 -49 7 0 18 -7 25 -15 6 -7 31 -17 56 -21 24
-3 41 -10 39 -15 -3 -4 -12 -6 -20 -2 -8 3 -15 0 -15 -6 0 -6 14 -14 30 -17
17 -4 30 -10 30 -15 0 -13 -23 -10 -44 6 -15 11 -23 12 -40 3 -11 -7 -41 -15
-66 -19 -25 -3 -54 -10 -64 -14 -16 -7 -18 -5 -13 9 5 12 -1 22 -23 34 -17 9
-28 22 -26 29 8 19 -32 61 -69 74 -19 7 -35 18 -35 24 0 7 -12 18 -27 25 -27
13 -27 14 -5 18 34 5 26 19 -28 47 -27 14 -50 30 -50 35 0 9 -56 43 -75 45 -5
1 -19 5 -29 10 -13 6 -21 5 -24 -3 -2 -7 -10 -12 -18 -12 -8 0 -11 -6 -8 -15
4 -8 1 -15 -5 -15 -19 0 -26 5 -23 14 2 5 -3 4 -10 -2 -9 -7 -19 -8 -28 -2
-11 7 -12 10 -2 10 7 0 11 4 7 9 -9 15 14 24 29 12 21 -18 40 70 25 116 -11
34 -11 34 -32 16 -14 -12 -18 -13 -12 -3 7 13 6 13 -7 2 -12 -10 -18 -10 -23
-1 -9 13 14 30 30 21 5 -3 5 1 -2 9 -7 8 -9 25 -6 38 3 14 9 18 13 12 3 -7 14
-9 23 -5 12 4 15 13 10 37 -5 25 -3 29 10 24 9 -3 19 -2 21 2 12 18 55 -2 65
-30z m3537 -246 c11 -16 13 -16 28 0 21 21 33 22 16 2 -10 -12 -9 -15 4 -15
10 0 14 -5 11 -10 -3 -6 1 -13 10 -16 11 -5 13 -10 5 -19 -8 -10 -7 -16 7 -23
10 -6 17 -14 16 -19 -1 -4 8 -7 19 -5 17 2 20 -2 16 -23 -4 -17 -1 -25 9 -25
7 0 16 -7 19 -15 4 -8 10 -13 14 -10 15 9 21 -14 10 -35 -8 -16 -8 -20 4 -20
43 0 28 -64 -30 -126 -24 -26 -44 -42 -44 -35 0 8 -8 20 -17 28 -13 10 -15 16
-5 19 6 3 12 12 12 19 0 7 8 16 18 19 9 2 5 4 -9 3 -14 -1 -34 4 -43 12 -13
11 -19 11 -31 1 -12 -10 -15 -10 -15 0 0 8 -3 10 -7 7 -3 -4 -12 -2 -20 4 -9
9 -13 8 -13 0 0 -15 -27 -14 -36 1 -4 6 -3 8 4 4 6 -3 17 0 25 9 13 13 16 13
21 -1 4 -11 10 -12 25 -5 10 6 22 7 27 3 5 -4 1 2 -9 14 -19 23 -22 44 -7 44
6 0 10 5 10 12 0 6 -3 9 -6 5 -4 -3 -13 0 -21 8 -16 17 -37 20 -28 5 3 -6 -5
-10 -19 -10 -28 0 -44 17 -24 25 8 3 14 15 15 26 2 24 22 51 32 44 4 -2 8 1 8
8 0 7 3 26 7 42 5 22 4 26 -4 15 -5 -8 -10 -11 -10 -5 0 5 -5 4 -11 -2 -15
-15 -39 -5 -33 12 3 7 0 16 -5 20 -16 9 -6 20 20 22 12 1 28 -5 35 -14z
m-1031 -150 c-2 -10 -4 -18 -5 -18 -1 0 -3 -13 -4 -30 -4 -38 -35 -165 -46
-186 -4 -9 -4 -22 1 -30 13 -20 11 -31 -3 -23 -7 4 -6 -1 3 -12 9 -10 19 -38
23 -62 7 -45 37 -96 70 -121 11 -8 28 -23 38 -33 10 -10 23 -16 28 -13 5 3 7
0 5 -7 -7 -19 -71 -16 -95 4 -10 9 -39 28 -64 42 -55 30 -102 78 -122 125 -24
53 -29 177 -10 240 18 61 50 116 72 125 9 4 12 2 8 -5 -4 -8 0 -8 15 0 11 6
32 9 46 7 13 -3 27 0 30 5 9 14 14 11 10 -8z m-1251 -1587 c-1 -8 8 -18 20
-22 11 -4 27 -14 34 -23 8 -9 11 -11 8 -4 -7 13 30 6 54 -10 12 -9 13 -9 3 3
-7 8 -13 23 -13 33 0 16 3 17 15 7 8 -7 13 -16 10 -20 -3 -5 0 -12 6 -16 8 -4
9 -3 5 4 -4 8 0 12 11 12 13 -1 7 -10 -24 -38 -30 -28 -39 -42 -32 -54 11 -19
3 -59 -13 -70 -9 -5 -10 -8 -1 -8 8 0 10 -11 7 -32 -4 -29 -9 -71 -13 -115 0
-7 -7 -12 -13 -10 -8 1 -13 -8 -12 -20 1 -23 -20 -31 -31 -13 -4 6 -11 7 -17
4 -7 -4 -8 -2 -4 4 5 8 0 12 -13 12 -11 0 -22 4 -26 9 -3 5 -17 7 -31 5 -23
-4 -26 -2 -21 16 3 11 1 20 -3 20 -5 0 -10 6 -13 13 -2 6 -3 3 -1 -8 2 -16 -3
-13 -25 13 -23 26 -28 41 -25 70 2 26 1 33 -6 22 -8 -12 -10 -9 -10 13 0 15
-6 27 -12 28 -7 0 -4 5 7 10 17 8 15 9 -10 5 -26 -4 -28 -3 -12 9 16 12 16 13
-5 20 -13 4 -26 8 -30 10 -5 1 -11 3 -14 4 -4 0 -1 8 6 16 14 17 4 39 -13 28
-9 -5 -8 -2 0 8 14 17 39 18 63 4 12 -7 13 -6 4 6 -18 23 -24 48 -13 54 5 4 9
3 8 -2 -3 -19 2 -34 10 -29 5 4 11 0 14 -6 2 -7 7 -10 11 -7 4 4 0 13 -8 22
-14 13 -13 15 4 20 11 3 18 2 15 -3 -12 -19 26 -17 39 2 16 23 56 35 56 17 0
-5 5 -7 10 -4 6 4 8 11 5 16 -4 5 3 5 17 0 13 -5 22 -16 22 -25z m3024 -184
c-6 -7 -11 -28 -10 -47 1 -19 -3 -37 -9 -41 -8 -4 -7 -9 2 -15 11 -7 11 -9 1
-9 -7 0 -10 -4 -7 -10 3 -5 2 -10 -3 -10 -6 0 -9 -8 -8 -17 0 -12 -6 -17 -17
-17 -13 1 -15 -2 -8 -10 7 -8 5 -12 -8 -12 -14 0 -18 7 -16 23 2 19 0 21 -11
12 -8 -6 -11 -15 -8 -20 3 -5 1 -9 -4 -9 -10 0 -24 34 -24 58 -1 37 3 53 11
48 5 -4 7 4 3 16 -3 14 -1 19 6 14 13 -8 35 28 24 39 -4 5 -2 5 4 2 7 -4 17 0
24 8 7 8 9 15 4 16 -5 0 0 4 11 8 27 11 58 -8 43 -27z m-5052 -1647 c7 -7 10
-16 6 -20 -4 -5 -1 -5 6 -1 7 4 15 1 18 -8 3 -9 10 -14 14 -11 4 3 11 -2 14
-11 4 -10 2 -13 -7 -8 -9 6 -9 5 -1 -7 17 -20 14 -98 -3 -92 -8 3 -11 0 -8 -8
4 -10 -4 -14 -29 -14 -19 0 -33 2 -31 5 2 3 -19 5 -46 4 -28 -2 -47 1 -44 7 4
5 -3 9 -14 9 -14 0 -19 5 -14 15 3 9 2 15 -3 14 -23 -4 -33 3 -29 21 2 11 -1
20 -6 20 -6 0 -7 5 -4 10 3 6 -2 10 -12 11 -17 0 -17 1 0 8 22 8 22 19 -1 45
-16 18 -16 18 5 5 20 -12 24 -11 36 5 8 11 19 16 25 12 7 -4 12 -3 12 2 0 14
101 3 116 -13z m3654 -717 c0 -4 5 -8 11 -8 5 0 7 4 4 10 -4 6 1 7 11 3 16 -6
15 -7 -2 -20 -14 -10 -14 -13 -3 -13 8 0 30 -11 48 -25 26 -19 38 -22 52 -14
11 5 19 6 19 2 0 -4 4 -2 9 6 6 9 11 10 15 2 4 -6 2 -11 -3 -11 -6 0 -11 -4
-11 -9 0 -6 10 -8 22 -6 16 4 19 2 10 -7 -17 -17 -15 -31 3 -24 10 4 15 -1 15
-15 0 -20 37 -41 54 -31 5 3 6 0 2 -6 -4 -6 -14 -8 -23 -5 -12 5 -14 3 -7 -8
12 -19 12 -59 1 -52 -5 3 -8 0 -5 -7 2 -8 13 -18 24 -24 10 -6 22 -15 26 -21
9 -12 10 -9 12 27 2 20 -4 28 -21 33 -20 5 -21 8 -11 25 9 14 16 16 25 8 7 -5
11 -14 8 -18 -3 -5 0 -12 6 -16 8 -4 9 -3 5 4 -4 7 -3 12 2 12 19 0 21 -14 4
-26 -13 -10 -14 -15 -5 -25 6 -6 9 -18 6 -26 -5 -13 -3 -13 15 -2 16 10 24 11
33 2 8 -8 7 -13 -2 -18 -8 -6 -10 -4 -4 5 6 10 4 12 -8 7 -10 -4 -24 -10 -32
-13 -8 -3 -15 -1 -15 4 0 6 -9 9 -20 7 -13 -3 -18 0 -14 7 5 7 1 9 -9 5 -11
-4 -17 -1 -17 8 0 15 -10 19 -42 16 -12 -2 -15 4 -11 19 4 16 8 18 19 9 12
-10 13 -8 8 6 -5 13 -4 16 4 11 7 -4 12 -2 12 3 0 6 -4 11 -10 11 -5 0 -10 8
-11 18 0 15 -1 15 -8 -2 -7 -19 -8 -19 -28 1 -12 12 -24 19 -27 16 -3 -4 -6 1
-6 10 0 10 -7 15 -20 12 -12 -2 -21 3 -25 16 -4 10 -13 19 -21 19 -10 0 -13 8
-10 24 4 25 -16 42 -35 30 -5 -3 -12 2 -15 10 -3 9 -15 16 -25 16 -10 0 -19 5
-19 11 0 5 -4 8 -9 5 -16 -10 -30 19 -22 49 2 8 71 -28 71 -37z m1262 -488 c9
-11 21 -20 26 -20 6 0 12 -4 14 -9 2 -5 26 -20 53 -35 28 -15 64 -37 81 -49
18 -12 46 -30 64 -40 57 -31 23 -41 -64 -19 -42 11 -85 18 -95 15 -25 -6 -100
25 -83 36 9 6 -2 24 -41 67 -32 33 -52 64 -49 72 7 20 73 8 94 -18z m-317 -95
c11 -4 49 -20 84 -36 35 -16 71 -29 80 -29 9 0 25 -6 36 -13 11 -8 53 -26 94
-42 68 -26 146 -34 201 -22 22 5 80 16 113 21 24 4 27 3 17 -10 -7 -7 -17 -14
-22 -14 -5 0 -28 -9 -52 -20 -84 -38 -237 -31 -324 14 -17 9 -38 16 -46 16 -8
0 -21 6 -28 13 -22 22 -58 28 -58 9 0 -15 -2 -15 -10 -2 -9 13 -10 13 -10 0 0
-9 -3 -11 -8 -5 -4 6 -17 11 -29 12 -32 4 -80 49 -86 81 -8 42 0 46 48 27z
m122 -140 c0 -8 -5 -12 -11 -9 -6 3 2 -6 17 -20 28 -25 28 -53 1 -42 -7 3 -16
1 -19 -4 -6 -10 42 -38 89 -51 39 -11 138 7 188 34 38 21 68 18 68 -7 0 -8
-10 -18 -22 -22 -12 -3 -31 -15 -42 -26 -47 -45 -128 -61 -199 -40 -60 17
-157 88 -157 114 0 12 -8 18 -24 18 -13 0 -27 6 -29 13 -3 6 -3 -2 0 -19 3
-17 0 -34 -5 -38 -11 -6 13 -65 31 -77 5 -4 7 -11 4 -16 -3 -5 7 -17 24 -27
16 -9 29 -24 29 -32 0 -13 12 -18 33 -15 4 0 7 -6 7 -14 0 -8 -2 -15 -3 -15
-13 0 -67 33 -67 41 0 5 -12 12 -26 15 -16 4 -23 12 -20 20 3 8 0 14 -6 14 -6
0 -8 3 -5 7 4 3 -3 11 -16 18 -12 6 -21 18 -19 27 1 9 -2 19 -8 23 -8 5 -7 11
1 21 6 8 9 14 5 14 -4 0 1 14 9 31 9 17 14 37 11 44 -3 9 5 15 22 18 33 6 80
3 88 -6 4 -3 13 0 21 8 18 19 30 19 30 0z m803 -70 c11 7 60 -31 60 -45 0 -4
-51 -10 -112 -12 -92 -4 -121 -9 -157 -27 -71 -37 -160 -61 -222 -61 -33 0
-59 4 -59 10 0 16 36 30 77 30 88 1 189 34 255 83 16 12 46 22 68 23 23 1 44
4 47 8 3 3 12 1 19 -5 7 -6 18 -8 24 -4z m498 -64 c6 -1 11 -7 10 -13 -2 -7 4
-14 12 -14 46 -4 46 -4 26 -19 -18 -14 -18 -15 -1 -21 10 -4 35 -3 57 3 21 6
38 7 38 3 0 -10 -82 -46 -96 -42 -7 1 -18 -6 -26 -16 -16 -24 -58 -47 -58 -32
0 5 18 23 40 39 l40 29 -26 6 c-30 8 -62 0 -86 -22 -10 -8 -18 -11 -18 -6 0 5
-4 4 -8 -2 -11 -18 -118 -75 -125 -67 -4 3 -7 2 -7 -4 0 -10 -80 -63 -96 -63
-4 0 5 9 19 20 14 11 30 20 35 20 5 0 15 7 22 15 12 14 143 91 182 107 10 4
18 15 18 24 0 26 -68 12 -138 -29 -32 -19 -70 -38 -83 -42 -23 -7 -23 -7 -7
16 9 15 34 29 64 38 27 7 71 28 99 46 30 20 60 31 75 29 14 -1 31 -3 38 -3z"/>
<path d="M3291 5604 c-19 -22 -25 -24 -39 -13 -14 11 -15 11 -4 -1 6 -8 12
-27 12 -42 0 -15 5 -28 11 -28 7 0 9 11 6 29 -4 21 -2 31 9 35 22 9 23 8 21
-14 -1 -11 -5 -20 -9 -20 -4 0 -7 -16 -6 -35 1 -19 5 -35 10 -35 4 0 8 -10 9
-22 0 -13 3 -18 5 -11 3 7 11 10 18 7 11 -4 13 7 10 47 -2 29 -1 49 3 46 5 -6
9 -46 12 -151 1 -24 3 -27 16 -16 12 10 15 10 15 -2 0 -8 -6 -20 -12 -27 -11
-10 -10 -12 2 -9 14 3 21 13 54 74 l14 27 4 -29 c2 -20 8 -28 19 -26 12 2 15
-5 11 -30 -5 -30 -3 -32 12 -19 9 7 16 19 16 25 0 7 -3 6 -8 -2 -5 -7 -9 8 -9
37 0 28 3 48 7 46 4 -2 7 1 8 8 3 33 20 99 27 105 4 4 5 -15 2 -43 -6 -42 -5
-47 6 -29 6 12 20 20 30 19 9 -2 17 2 17 8 0 6 6 3 13 -8 10 -12 16 -15 21 -6
4 6 -2 23 -13 37 -12 15 -21 23 -21 18 0 -4 -5 -3 -12 4 -7 7 -19 12 -27 12
-8 0 -23 8 -34 18 -15 12 -19 13 -13 2 4 -8 0 -6 -9 5 -12 13 -19 16 -22 8 -2
-7 -10 -10 -16 -8 -49 15 -67 15 -67 0 0 -9 5 -13 10 -10 11 7 14 -8 3 -18 -3
-4 -11 0 -18 9 -10 14 -14 14 -26 3 -22 -21 -38 -21 -32 1 3 10 1 26 -4 34 -8
14 -12 13 -32 -10z"/>
<path d="M4328 8738 c9 -21 21 -37 25 -38 5 0 5 5 1 11 -4 7 -1 10 7 7 8 -3
16 -13 17 -23 3 -12 0 -15 -10 -9 -10 6 -10 4 1 -10 12 -14 12 -19 1 -29 -7
-7 -10 -7 -7 -2 3 6 -1 18 -8 29 -12 16 -13 15 -11 -16 2 -22 8 -32 17 -30 8
2 11 0 6 -4 -4 -4 1 -17 10 -28 10 -12 14 -18 9 -14 -14 12 -46 -11 -40 -27 4
-8 1 -15 -5 -15 -20 0 -12 38 10 45 20 7 20 7 -2 26 -21 18 -39 18 -39 -1 0
-5 8 -6 18 -3 15 6 15 5 2 -8 -8 -9 -27 -19 -42 -22 -23 -6 -27 -5 -21 10 5
15 3 14 -10 -2 -9 -11 -17 -26 -17 -33 0 -7 -4 -10 -10 -7 -5 3 -10 1 -10 -5
0 -6 -6 -8 -12 -4 -10 5 -10 4 -1 -6 9 -10 15 -10 26 -1 11 9 17 8 26 -2 6 -8
7 -18 3 -23 -4 -4 1 -2 12 6 18 14 17 15 -3 24 -12 5 -21 16 -21 24 0 12 3 12
15 2 10 -9 15 -9 15 -1 0 6 5 11 11 11 5 0 7 -4 4 -10 -3 -6 1 -7 10 -4 10 4
15 2 13 -6 -2 -6 8 -19 22 -28 18 -13 22 -13 15 -3 -6 11 -4 13 8 8 10 -3 17
-2 17 4 0 6 5 7 10 4 6 -4 8 -10 5 -15 -6 -10 21 -21 30 -12 4 4 12 7 18 7 7
0 12 5 12 12 0 6 3 15 8 19 4 4 7 -2 7 -13 0 -12 7 -23 15 -27 8 -3 14 -2 14
2 -3 18 2 24 14 14 8 -7 16 -6 25 4 9 10 9 14 1 14 -6 0 -9 7 -6 15 4 8 2 17
-4 21 -6 4 -5 11 3 21 7 9 13 37 14 64 2 40 0 47 -14 42 -11 -5 -13 -3 -7 7 5
8 4 11 -3 7 -5 -4 -8 -17 -4 -29 3 -14 2 -19 -7 -14 -6 4 -9 12 -6 17 4 5 2 9
-4 9 -7 0 -7 8 -2 23 7 18 6 24 -5 24 -8 0 -14 -9 -14 -20 0 -13 -5 -17 -15
-13 -9 3 -15 0 -15 -9 0 -9 6 -12 15 -9 9 4 15 0 15 -9 0 -9 8 -21 18 -26 15
-9 15 -10 0 -11 -9 0 -19 -6 -21 -12 -3 -7 -6 0 -6 16 -1 20 -5 27 -15 23 -8
-3 -22 3 -31 13 -10 11 -21 17 -26 14 -4 -2 -13 5 -19 16 -6 12 -17 19 -23 17
-6 -2 -19 6 -29 17 -16 20 -16 19 0 -16z"/>
<path d="M200 4877 c0 -5 -6 -7 -14 -4 -8 3 -13 -1 -12 -11 0 -9 -5 -16 -11
-14 -12 2 -15 -5 -12 -24 0 -4 -3 -10 -9 -13 -5 -3 -14 -15 -20 -26 -6 -11
-12 -14 -12 -7 0 7 -5 10 -10 7 -6 -4 -8 -11 -5 -16 4 -5 -1 -9 -9 -9 -9 0
-16 -5 -16 -11 0 -8 -4 -8 -14 0 -9 8 -21 8 -37 2 -13 -5 -19 -10 -13 -10 7
-1 15 -8 18 -17 4 -12 2 -15 -9 -10 -13 5 -15 -20 -15 -194 l0 -200 41 21 c25
14 38 27 35 35 -3 8 -1 14 5 14 6 0 8 9 4 19 -8 27 43 104 63 96 13 -5 13 -3
1 12 -12 15 -12 16 4 10 11 -4 17 -1 17 9 0 8 11 19 24 24 13 5 27 14 32 21 4
8 3 10 -4 5 -7 -4 -12 -2 -12 4 0 7 9 14 20 17 19 5 35 38 28 59 -1 5 4 19 11
32 9 17 10 31 2 53 -5 16 -7 29 -4 29 3 0 0 7 -7 15 -9 10 -9 15 -1 15 6 0 11
5 11 11 0 5 -5 7 -12 3 -6 -4 -8 -3 -4 4 12 19 -12 61 -34 59 -11 -1 -20 -5
-20 -10z"/>
<path d="M4280 4600 c0 -6 6 -13 14 -16 8 -3 12 -12 9 -20 -4 -11 -9 -11 -34
2 -18 9 -29 10 -29 4 0 -6 16 -18 35 -26 43 -18 45 -18 45 2 0 14 3 14 15 4
14 -12 14 -15 0 -30 -19 -21 -14 -23 150 -74 176 -55 328 -121 473 -206 l54
-31 -24 31 c-46 63 -172 159 -278 212 -58 29 -106 56 -108 61 -5 10 -32 9 -32
-2 0 -6 5 -13 10 -16 15 -9 12 -25 -4 -25 -8 0 -39 23 -68 52 -31 30 -73 59
-101 70 -51 20 -127 24 -127 8z"/>
<path d="M4325 4200 c-4 -6 5 -10 19 -10 14 0 26 -4 26 -10 0 -5 -8 -7 -17 -3
-10 3 41 -54 114 -128 72 -74 162 -170 200 -213 105 -123 233 -247 246 -239 7
3 9 3 5 -2 -4 -4 17 -31 47 -60 30 -28 55 -55 55 -58 0 -9 -37 12 -64 36 -11
9 -23 17 -27 17 -9 0 -20 11 -84 84 -87 98 -185 201 -185 194 0 -10 62 -80
233 -265 157 -169 150 -165 197 -135 2 2 -9 14 -25 27 -23 19 -26 24 -12 25
23 0 22 8 -6 50 -13 19 -36 59 -52 88 -15 28 -32 53 -37 53 -19 3 -24 5 -37
13 -11 7 -11 10 0 17 17 10 -2 48 -51 99 -61 64 -233 210 -247 210 -8 0 -12 4
-9 9 3 5 -11 20 -32 35 -21 14 -55 44 -77 66 -21 22 -44 40 -51 40 -7 0 -14 7
-18 15 -3 9 -26 24 -52 35 -53 23 -51 23 -59 10z"/>
<path d="M2155 4191 c-11 -5 -41 -33 -67 -62 -25 -30 -56 -65 -68 -79 -35 -39
-123 -160 -154 -210 -15 -25 -40 -65 -55 -90 -54 -90 -110 -198 -104 -204 4
-3 1 -6 -5 -6 -7 0 -12 -8 -12 -18 0 -10 -6 -26 -13 -37 -8 -11 -17 -29 -20
-40 -11 -30 27 20 52 70 11 22 31 55 46 74 14 19 25 40 25 47 0 6 7 17 15 24
8 7 13 16 10 20 -3 5 -2 10 2 12 17 7 64 79 58 88 -4 6 -2 9 3 8 5 -2 47 45
93 103 46 59 119 149 162 202 42 52 77 97 77 101 0 8 -20 7 -45 -3z"/>
<path d="M4076 3863 c-4 -4 -15 -8 -24 -8 -11 0 -18 -10 -20 -27 -3 -26 -26
-39 -34 -19 -1 5 -14 4 -28 -2 -21 -8 -22 -11 -7 -14 9 -3 15 -9 11 -14 -3 -5
-11 -6 -17 -2 -7 4 -6 -1 2 -11 10 -12 11 -20 4 -27 -8 -8 -13 -7 -18 2 -6 8
-4 10 5 4 9 -6 11 -4 5 5 -6 10 -11 9 -21 -6 -7 -10 -19 -26 -26 -34 -7 -8
-12 -21 -10 -29 3 -10 -1 -10 -13 3 -15 15 -20 15 -39 3 -11 -8 -29 -13 -38
-11 -10 1 -17 -1 -17 -4 4 -26 -2 -34 -15 -23 -10 8 -16 9 -21 1 -3 -6 -10 -8
-15 -5 -5 3 -11 -4 -15 -15 -4 -11 -11 -18 -16 -15 -17 11 -9 -21 9 -34 25
-18 21 -45 -11 -75 -32 -30 -35 -46 -7 -39 19 5 25 -4 21 -34 -1 -7 3 -13 8
-13 5 0 8 9 6 20 -2 13 2 20 11 20 8 0 12 -4 9 -10 -9 -15 4 -30 21 -23 11 4
12 9 5 16 -6 6 -11 16 -11 21 0 6 7 0 16 -13 12 -16 23 -22 40 -18 16 3 24 0
24 -10 0 -11 3 -11 23 0 12 8 27 13 32 12 35 -6 65 -19 65 -28 0 -8 4 -7 12 1
8 8 17 8 30 1 11 -6 25 -8 32 -6 7 3 13 -1 13 -9 0 -7 -5 -10 -11 -7 -6 4 -5
0 1 -8 10 -12 10 -18 0 -29 -10 -12 -9 -12 5 -1 10 7 16 16 14 20 -3 4 4 13
16 20 11 7 17 8 13 2 -3 -6 1 -11 10 -11 16 0 46 -23 45 -35 -1 -25 1 -29 10
-15 5 8 10 10 10 5 0 -10 27 -27 63 -41 9 -3 17 -14 18 -23 0 -12 2 -13 6 -2
4 10 9 8 19 -10 13 -23 13 -22 14 19 0 45 -28 166 -60 262 -42 123 -124 302
-141 308 -5 2 -7 8 -3 13 6 11 0 12 -10 2z"/>
<path d="M438 2993 c-21 -2 -38 -8 -38 -13 0 -6 -10 -9 -22 -9 -29 1 -49 -4
-67 -15 -9 -6 -12 -5 -7 2 3 6 -6 4 -22 -3 -15 -8 -38 -13 -50 -10 -12 2 -22
-1 -22 -6 0 -6 -4 -8 -9 -4 -5 3 -12 1 -16 -5 -4 -6 -12 -7 -23 -1 -11 6 -20
4 -29 -7 -10 -14 -12 -15 -13 -2 0 13 -1 13 -10 0 -8 -12 -13 -13 -29 -3 -13
8 -21 9 -23 2 -2 -6 -16 -12 -31 -12 -26 -2 -27 -3 -27 -68 0 -44 5 -71 16
-85 8 -10 13 -13 9 -6 -3 6 -1 12 5 12 6 0 13 -6 16 -13 3 -8 10 -14 17 -14 7
-1 38 -3 69 -6 32 -3 60 -1 63 4 4 5 17 9 31 9 13 0 24 4 24 9 0 5 10 13 23
17 12 4 39 24 61 45 21 22 42 39 47 39 5 0 9 6 9 13 0 7 9 20 20 30 12 10 18
23 14 29 -4 6 -3 8 3 5 6 -4 16 0 23 8 10 12 7 16 -15 25 -15 6 -25 13 -22 16
3 3 14 1 26 -5 17 -9 22 -8 31 9 6 11 9 19 8 18 -2 -1 -20 -3 -40 -5z"/>
<path d="M4063 373 c3 -13 1 -23 -4 -23 -5 0 -9 7 -9 15 0 8 -7 15 -15 15 -12
0 -14 -10 -11 -45 l5 -45 -29 15 c-16 8 -32 19 -35 25 -9 15 -25 12 -25 -5 0
-8 -4 -15 -10 -15 -14 0 -12 -20 4 -52 19 -35 8 -44 -21 -16 -13 12 -23 17
-24 12 -8 -69 -6 -135 3 -132 6 2 30 -13 52 -33 22 -21 43 -36 47 -33 4 2 23
-3 43 -11 37 -16 86 -20 86 -7 0 4 12 13 27 20 25 11 30 10 52 -13 14 -14 20
-25 13 -25 -6 0 -12 -4 -12 -10 0 -12 111 -10 127 2 7 5 16 7 21 4 5 -3 24 15
42 40 28 39 31 49 21 70 -9 20 -38 31 -56 22 -2 -2 -10 5 -18 16 -13 18 -17
18 -78 3 -35 -9 -75 -17 -89 -18 -28 -2 -80 16 -80 28 0 8 93 44 116 45 24 2
9 27 -20 32 -65 13 -84 28 -97 76 -12 46 -37 86 -26 43z"/>
<path d="M6980 190 c-68 -71 -77 -91 -55 -122 18 -27 17 -27 51 7 30 30 41 27
24 -5 -9 -17 -9 -24 -1 -30 7 -4 9 -15 4 -26 -7 -18 -6 -18 11 -2 21 22 27 23
20 4 -5 -13 21 -15 165 -15 l171 -1 0 45 c0 38 -3 45 -20 45 -11 0 -20 -3 -21
-7 0 -5 -2 -18 -3 -30 -6 -53 -28 -42 -28 14 0 35 -1 36 -14 18 -8 -10 -14
-13 -14 -6 0 8 -12 12 -34 10 -19 -2 -38 0 -42 4 -12 12 -24 8 -24 -9 0 -8 -5
-12 -10 -9 -6 4 -8 16 -4 27 4 14 3 18 -6 13 -7 -4 -13 1 -17 14 -3 12 -9 21
-14 21 -5 0 -9 6 -9 14 0 28 -18 26 -49 -6 -37 -38 -42 -19 -6 20 30 32 31 48
5 62 -17 9 -28 3 -80 -50z"/>
</g>
</svg>
